row ID,116APW,Auvaursi_pipe-APW,Csericea_pipe-APW,Nattenuata_pipe-APW,Nquadrivalvis_pipe-APW,Nrustica_pipe-APW,Ntabacum_pipe-APW,Rglabra_pipe-APW,Tbrevifolia_pipe-APW
1,1369927,0,0,0,0,0,0,0,0
2,544945,0,0,0,0,0,0,0,0
3,442109,0,0,0,0,0,0,0,0
4,381794,0,0,0,0,0,0,0,0
5,325014,0,0,0,0,0,0,0,0
6,289973,115760,47611,90250,150832,169066,100890,232595,118279
7,284067,0,0,0,0,0,0,0,0
8,219497,0,0,0,0,0,0,0,0
9,214229,120400,59358,56006,60349,98078,34830,466832,72712
10,202583,150646,51457,29629,41873,63957,28501,497266,23273
11,197211,19249,0,0,0,0,0,11750,0
12,189324,0,0,0,0,17465,0,0,0
13,187145,0,0,0,0,0,0,0,0
14,169927,80077,49763,47790,32731,86579,26643,335729,62189
15,142257,58085,28753,44313,62456,121876,33458,286577,52357
16,122814,0,0,0,0,0,0,0,0
17,120157,118082,44949,33313,45661,74548,25932,355393,53373
18,114863,0,0,0,0,0,0,0,0
19,101493,0,0,0,0,0,0,0,0
20,99207,55791,0,96660,147196,104200,62686,61022,28437
21,500215,0,0,0,0,0,0,105906,0
22,89613,0,0,0,0,0,0,14838,0
23,86392,0,0,0,0,0,0,0,0
24,84987,0,0,0,0,0,0,0,0
25,82023,0,0,0,0,0,0,0,0
26,81356,0,0,0,0,0,15449,0,0
27,80998,0,0,0,0,0,0,0,0
28,198613,0,0,0,0,0,0,0,0
29,78401,0,0,0,61119,0,0,0,0
30,77145,0,0,0,0,0,0,0,0
31,74959,0,0,0,0,0,0,0,0
32,74542,0,0,0,0,0,0,0,0
33,74012,0,0,0,0,0,0,0,0
34,72883,0,0,0,0,0,0,0,0
35,71571,0,0,0,0,0,0,0,0
36,71454,0,0,0,0,0,0,0,0
37,71276,0,0,0,0,0,0,0,0
38,70803,0,0,0,0,0,0,0,0
39,70381,0,0,0,0,0,0,0,0
40,70210,0,0,0,0,0,0,0,0
41,69767,0,0,0,0,0,0,0,0
42,67193,0,0,0,0,0,0,0,0
43,66641,0,0,0,0,0,0,0,0
44,66283,0,0,0,0,0,0,0,0
45,65877,0,0,0,0,0,0,0,0
46,65391,23444,13844,24424,21260,54582,18962,110428,25776
47,64518,0,0,0,0,0,0,0,0
48,64005,0,0,0,0,0,0,0,0
49,63860,21954,10095,18509,13770,27656,0,24248,15626
50,63020,30581,15750,20480,34352,62441,23468,132354,35336
51,63006,0,55565,17558,0,23366,0,0,0
52,62939,0,0,0,0,0,0,0,0
53,62448,0,0,0,0,0,0,0,0
54,62196,0,0,0,0,0,0,45143,0
55,61723,28698,15836,18809,18566,28349,10536,109893,21844
56,61324,0,0,0,0,0,0,0,0
57,103544,0,0,0,0,0,0,0,0
58,150811,0,0,0,0,0,0,0,0
59,59853,0,0,0,0,0,0,0,0
60,59388,0,0,0,0,0,0,0,0
61,59055,0,0,0,0,0,0,0,0
62,58252,0,0,0,0,0,0,0,0
63,58181,0,0,0,0,0,0,0,0
64,58006,0,0,0,0,0,0,0,0
65,57638,0,0,0,12589,0,0,0,0
66,57237,0,0,0,0,0,0,0,0
67,56205,43060,14254,20345,12381,45002,15418,178920,29017
68,55553,0,0,0,0,0,0,0,0
69,53915,0,0,0,0,0,0,0,0
70,53638,0,0,0,0,0,0,0,0
71,52775,0,0,0,0,0,0,0,0
72,52387,21984,0,12060,0,14424,0,0,12037
73,52222,0,0,0,0,0,0,0,0
74,51664,0,0,0,0,0,0,0,0
75,51472,0,0,0,0,0,0,0,0
76,51029,0,0,0,0,0,0,0,0
77,50622,0,0,0,0,0,0,0,0
78,50359,0,0,0,0,0,0,0,0
79,50024,0,0,0,0,0,0,0,0
80,49566,0,0,0,0,0,0,0,0
81,49161,0,0,0,0,0,0,0,0
82,48805,0,0,0,0,0,0,0,0
83,48310,0,0,0,0,0,0,0,0
84,48082,11031,0,0,0,0,0,19803,0
85,47752,0,0,0,0,0,0,0,0
86,47325,0,0,0,0,0,0,0,0
87,47220,0,0,0,0,0,0,0,0
88,47160,0,0,0,0,0,0,0,0
89,46539,0,0,0,0,0,0,0,0
90,45830,0,0,0,0,0,0,0,0
91,45453,0,0,0,0,0,0,0,0
92,44951,0,0,0,0,0,0,0,0
93,44931,0,0,0,0,0,0,0,0
94,44448,17107,0,15643,26997,41078,12481,71185,17867
95,63676,0,0,0,0,0,0,0,0
96,43790,0,0,0,0,0,0,0,0
97,45258,0,14233,0,0,14918,0,60384,0
98,44249,0,0,0,0,0,0,0,0
99,42600,0,0,0,0,0,0,0,0
100,41624,0,0,0,0,0,0,142796,16768
101,41523,0,0,0,0,0,0,0,0
103,40402,34301,23640,27991,23396,37788,12029,30142,26892
104,40098,15958,0,12682,13340,18884,0,13234,0
105,39932,0,0,0,0,0,0,0,0
106,39895,0,0,0,0,0,0,0,0
107,39542,0,0,0,0,0,0,0,0
108,39498,30943,22548,18944,15688,29434,0,155432,26055
109,39340,0,0,0,0,0,0,0,0
110,39308,24311,0,23396,16965,37679,10944,72547,17062
111,39107,25127,17305,29654,36079,38877,12932,24191,29346
112,38922,17523,0,14592,0,19900,0,11518,0
113,63953,0,0,0,0,0,0,0,0
114,38073,0,0,0,0,0,0,0,0
115,37957,0,0,0,0,0,0,0,0
116,37859,0,0,0,0,0,0,0,0
117,37712,0,0,0,0,0,0,0,0
118,36997,0,0,0,0,0,0,0,0
119,36240,13498,0,0,0,0,0,31348,0
120,36018,11491,0,13081,19813,30494,11730,49117,0
121,35629,0,0,0,0,0,0,0,0
122,35413,0,0,0,0,0,0,0,0
123,106740,0,0,0,0,0,0,0,0
124,35197,21035,0,12825,13444,19823,0,66534,15426
125,35010,0,0,15494,15034,36272,0,41935,10132
126,34980,0,0,0,0,0,0,0,0
127,34932,0,0,0,0,0,0,0,0
128,34631,18816,0,25750,14581,32406,10060,53009,19706
129,61189,0,0,0,0,0,0,0,0
130,34064,0,0,0,0,0,0,0,0
131,34018,0,0,0,0,0,0,0,0
132,34010,0,0,0,0,0,0,0,0
133,33815,0,0,0,0,0,0,0,0
134,33699,0,0,0,0,0,0,0,0
135,33410,0,0,0,0,0,0,0,0
136,32847,0,0,0,0,0,0,0,0
137,32787,0,0,0,0,0,0,0,0
138,32700,0,0,0,0,0,0,0,0
139,32477,0,0,0,0,0,0,0,0
140,32407,17229,0,10900,0,20288,0,26743,16011
141,32064,0,0,0,0,0,0,0,0
142,31906,0,0,0,0,0,0,0,0
143,31612,0,0,0,0,0,0,0,0
144,51114,0,0,0,0,0,0,0,0
145,31203,0,0,0,0,0,0,0,0
146,30921,0,0,0,0,0,0,0,0
147,30537,0,0,0,0,0,0,0,0
148,30183,0,0,0,0,0,0,0,0
149,30081,0,0,0,0,0,0,0,0
150,29888,0,0,0,0,0,0,0,0
151,29861,14693,0,12504,0,13326,0,18022,0
152,29850,17114,0,19162,0,22233,0,51661,18229
153,29791,0,0,0,0,0,0,0,0
154,29759,0,0,0,0,0,0,0,0
155,29728,0,0,0,0,0,0,0,0
156,29701,0,0,0,0,0,0,0,0
157,29311,0,0,0,0,0,0,0,0
158,29297,0,0,0,0,0,0,0,0
159,28973,0,0,0,0,0,0,0,0
160,28747,0,0,0,0,0,0,0,0
161,28558,27427,16363,18327,13832,27133,0,22137,15227
162,28480,0,0,0,0,0,0,0,0
163,62112,0,0,0,0,0,0,0,0
164,28075,0,0,15283,15897,32024,0,37424,12666
165,28017,0,0,0,0,0,0,0,0
166,27944,0,0,0,0,0,0,0,0
167,27893,0,0,0,0,0,0,0,0
168,27885,0,0,0,0,0,0,0,0
169,27844,0,0,0,0,0,0,0,0
170,27712,0,0,0,0,0,0,0,0
171,27571,17048,0,16561,0,23417,0,91435,0
172,27516,0,0,0,0,0,0,0,0
173,49699,0,0,0,0,0,0,0,0
174,26926,124460,0,0,0,0,0,0,0
175,26723,11649,0,15329,10198,19282,0,33037,0
176,26670,0,0,0,0,0,0,0,0
177,26599,0,0,0,0,0,0,0,0
178,26396,0,0,0,0,0,0,0,0
179,26339,0,0,0,0,0,0,0,0
181,26208,0,0,0,0,0,0,0,0
182,25947,0,0,0,0,0,0,0,0
183,25910,0,0,0,22592,17351,0,0,0
184,25822,0,0,0,0,0,0,0,0
185,25764,0,0,0,0,0,0,10577,0
186,25675,13362,0,10856,0,16839,0,44753,10514
187,25524,0,0,0,0,0,0,0,0
188,25515,0,0,0,0,0,0,0,0
189,25469,0,0,0,0,0,0,0,0
190,25450,0,0,0,0,0,0,0,0
191,25374,0,0,0,0,0,0,0,0
192,25274,0,0,0,0,0,0,0,0
193,25071,0,0,0,0,0,0,0,0
194,24991,0,0,0,0,0,0,0,0
195,24865,0,0,0,0,0,0,0,0
196,24849,0,0,0,0,0,0,0,0
197,24767,35643,14637,23048,15226,38513,13347,115811,32640
198,24694,0,0,0,0,0,0,0,0
199,24585,15549,0,18644,16694,20882,0,44377,11966
200,24581,0,0,0,0,0,0,0,0
201,24573,0,0,0,0,0,0,0,0
202,24121,0,0,0,0,0,0,0,0
203,23958,0,0,0,0,0,0,0,0
204,23946,29642,11614,20458,14137,31034,11001,99474,25793
205,36008,0,0,0,0,0,0,0,0
206,23902,0,0,0,0,0,0,0,0
207,23849,0,0,0,0,0,0,0,0
208,23766,0,0,0,0,0,0,0,0
209,23753,0,0,0,0,0,0,0,0
210,23732,0,0,0,0,0,0,24270,0
211,28775,0,56584,0,0,0,0,0,0
212,23481,0,0,0,0,0,0,0,0
213,23457,0,0,0,0,0,0,0,0
214,23429,0,0,0,0,0,0,0,0
215,23378,0,0,0,0,0,0,0,0
217,23237,0,0,0,0,0,0,0,0
218,23132,0,0,0,0,0,0,0,0
219,23070,0,0,0,0,0,0,0,0
220,22933,0,0,0,0,0,0,0,0
221,22661,0,0,0,0,0,0,0,0
222,22441,0,0,0,0,0,0,0,0
223,22421,0,0,0,0,0,0,0,0
224,22347,0,0,0,0,0,0,0,0
225,22292,0,0,0,0,0,0,0,0
226,23204,26822,12624,16760,12475,30961,11485,106751,22277
227,22057,0,0,0,0,0,0,0,0
228,23792,0,0,0,0,0,0,0,0
229,21835,0,0,0,0,0,0,0,0
230,21804,0,0,0,0,0,0,0,0
231,21791,17927,14761,12099,0,19083,0,73939,13730
232,21550,0,0,0,0,0,0,0,0
233,21548,0,0,0,0,0,0,0,0
234,21547,13348,0,0,16022,20276,0,40390,10592
235,21534,0,0,0,0,0,0,0,0
236,21481,0,0,0,0,0,0,0,0
237,21393,0,0,0,0,0,0,0,0
238,187145,0,0,0,0,0,0,0,0
239,21083,0,0,0,0,0,0,0,0
240,21017,0,0,0,0,0,0,0,0
241,20968,0,0,0,0,0,0,0,0
242,20997,0,0,0,0,0,0,0,0
243,20670,0,0,0,0,0,0,0,0
244,20615,0,0,0,0,0,0,0,0
245,20611,0,0,0,0,0,0,21248,0
246,20606,0,0,46879,124291,174317,78281,0,0
247,20582,15582,0,0,0,0,0,11907,0
248,20474,0,0,0,0,10316,0,0,0
249,20368,0,0,0,0,0,0,0,0
250,20242,0,0,0,33930,0,18000,0,0
251,20226,0,0,0,0,0,0,0,0
252,20224,0,0,0,0,19995,0,13035,0
253,22025,0,0,0,0,0,0,0,0
254,20174,0,0,0,13686,0,0,0,0
255,20116,0,0,0,0,0,0,0,0
256,401379,0,0,0,0,0,0,0,0
257,19970,0,0,0,0,0,0,0,0
258,19906,0,0,0,0,10236,0,10283,0
259,32319,0,0,0,0,0,0,0,0
260,19828,0,0,0,0,0,0,0,0
261,19733,0,0,0,0,0,0,0,0
262,19718,0,0,0,0,0,0,0,0
263,19718,0,0,0,0,0,0,0,0
264,19651,0,0,0,0,0,0,0,0
265,19629,0,0,0,0,0,0,0,0
266,19591,0,12196,0,0,0,0,13941,0
267,38926,0,0,0,0,0,0,0,0
268,19391,0,0,0,0,0,0,0,0
269,19342,0,0,0,0,0,0,0,0
270,19333,0,0,0,0,0,0,0,0
271,19185,0,0,0,0,0,0,0,0
272,93262,0,0,0,0,0,0,0,0
273,19103,15165,0,12470,13520,14560,0,40290,10559
274,19057,0,0,0,0,0,0,0,0
275,19679,0,0,0,0,0,0,0,0
276,19038,0,0,0,0,0,0,0,0
277,19018,0,0,0,0,0,0,0,0
278,18905,0,0,0,0,0,0,0,0
279,18877,0,0,0,0,0,0,0,0
280,18784,0,0,0,0,0,0,0,0
281,18752,0,0,0,0,0,0,0,0
282,18533,0,0,0,0,0,0,0,0
283,18361,0,0,0,0,0,0,0,0
284,18343,0,0,0,0,0,0,0,0
285,18314,0,0,0,0,0,0,0,0
286,18283,0,0,0,0,0,0,0,0
287,18169,0,0,0,0,0,0,0,0
288,18064,0,0,0,0,0,0,0,0
289,18035,0,0,0,0,0,0,0,0
290,17938,0,0,0,0,0,0,0,0
291,17908,0,0,0,0,0,0,0,0
292,17905,0,0,0,0,0,0,0,0
293,17902,0,0,0,0,0,0,0,0
294,17884,0,0,0,0,0,0,0,0
295,17781,0,0,0,0,0,0,0,0
296,17744,0,0,0,0,0,0,0,0
297,17708,0,0,0,0,0,0,0,0
298,17658,0,0,0,0,0,0,0,0
299,17632,15984,0,12599,0,0,0,0,15624
300,17612,0,0,0,0,0,0,0,0
301,17596,0,0,0,0,0,0,0,0
302,75002,0,0,0,0,0,0,0,0
303,67201,10772,0,0,0,0,0,13088,0
304,17507,0,0,0,0,0,0,18953,0
305,17403,0,0,0,0,16718,0,27033,0
306,17333,0,0,0,0,0,0,0,0
307,17275,0,0,0,29716,14306,15437,10647,0
308,417366,0,0,0,0,0,0,0,0
309,17188,0,0,0,0,0,0,0,0
310,17613,16463,0,19738,12537,36799,11217,61307,11470
311,17027,0,0,0,0,0,0,0,0
312,16842,0,0,0,0,0,0,0,0
313,16732,0,0,0,0,0,0,0,0
314,44191,0,0,0,0,0,0,0,0
315,16645,0,0,0,0,0,0,0,0
316,16621,0,0,0,15033,16096,16824,0,0
317,16612,0,0,19930,63833,80214,39064,0,0
318,16529,0,0,0,0,0,0,0,0
319,22862,0,0,0,0,0,0,0,0
320,16379,0,0,0,0,0,0,0,0
321,16374,0,0,0,0,0,0,0,0
322,16303,13440,0,0,0,0,0,0,0
323,16293,0,0,0,0,0,0,0,0
324,25838,0,0,0,0,0,0,0,0
325,16184,0,0,0,0,0,0,0,0
326,16176,0,0,0,0,0,0,0,0
327,16170,0,0,0,0,0,0,0,0
328,16159,0,0,0,0,0,0,0,0
329,16133,0,0,0,0,0,0,0,0
330,16080,0,0,0,0,0,0,0,0
331,31455,0,0,0,0,0,0,0,0
332,16022,0,0,0,0,0,0,0,0
333,16014,0,0,0,0,0,0,0,0
334,15986,0,0,0,0,0,0,0,0
335,15961,0,0,0,0,0,0,0,0
336,15873,0,0,0,0,0,0,0,0
337,15813,0,0,0,0,0,0,0,0
338,20643,0,0,0,0,0,0,0,0
339,20997,0,0,0,0,0,0,0,0
340,15752,0,0,0,10796,0,12522,0,0
341,15705,0,0,0,0,0,0,0,0
342,15594,0,0,0,0,0,0,0,0
343,15570,0,0,0,0,0,0,0,0
344,15542,0,0,0,0,0,0,0,0
345,15534,0,0,0,0,0,0,0,0
346,15492,0,0,0,0,0,0,0,0
347,74402,0,0,0,0,0,0,0,0
348,15490,0,0,0,0,0,0,0,0
349,15487,0,0,0,0,0,0,0,0
350,15485,0,0,0,0,0,0,0,0
351,15440,0,0,0,0,0,0,0,0
352,15393,0,0,0,0,0,0,0,0
353,15383,0,0,0,0,0,0,0,0
354,15316,0,0,0,0,0,0,0,0
355,15279,0,0,0,0,0,0,0,0
356,15236,0,0,0,0,0,0,0,0
357,15234,0,0,0,0,0,0,15857,0
358,15221,0,0,0,0,0,0,0,0
359,15078,0,0,0,0,0,0,0,0
360,76402,0,0,0,0,0,0,0,0
361,15037,0,0,0,0,0,0,0,0
362,15027,0,0,0,0,0,0,0,0
363,15014,0,0,0,0,0,0,0,0
364,14995,0,0,0,0,0,0,0,0
365,14978,0,0,0,0,0,0,0,0
366,14966,0,0,0,0,0,0,0,0
367,47193,0,0,0,0,0,0,0,12713
368,14944,0,0,0,0,0,0,0,0
369,14903,0,0,0,0,0,0,0,0
370,14893,0,0,0,0,0,0,0,0
371,14885,0,0,0,0,0,0,0,0
372,14863,0,0,0,0,0,0,0,0
374,14835,0,0,0,0,0,0,0,0
375,14805,0,0,29400,31685,84985,17480,0,0
376,14791,0,0,0,0,0,0,0,0
377,14760,0,0,0,0,0,0,0,0
378,14737,0,0,0,0,0,0,12288,0
379,14712,0,0,0,0,0,0,0,0
380,14704,0,0,0,0,0,0,0,0
381,14625,0,0,0,0,14095,0,33327,0
382,14572,0,0,0,0,0,0,31230,25804
383,14570,0,0,0,0,0,0,0,0
384,14553,0,0,0,0,0,0,0,0
385,14546,0,0,0,0,0,0,0,0
386,14538,0,0,0,0,0,0,0,0
387,14468,0,0,0,0,0,0,0,0
388,14444,0,0,0,0,0,0,0,0
389,14426,0,0,0,0,0,0,0,0
390,14424,0,0,0,0,0,0,0,0
391,20688,0,0,0,0,0,0,0,0
392,14374,0,0,0,0,0,0,16566,0
393,14191,0,0,0,0,0,0,0,0
394,14155,0,0,0,0,0,0,0,0
395,14141,0,0,0,0,0,0,0,0
396,14140,0,0,0,0,0,0,0,0
397,14121,0,0,0,0,11386,0,14404,0
398,14098,0,0,0,0,0,0,0,0
399,14076,12954,0,0,10108,15783,0,37077,0
400,14028,0,0,0,0,0,0,0,0
401,13987,0,0,0,0,0,0,10424,0
402,13974,0,0,0,0,0,0,26114,0
403,13913,0,0,0,0,0,0,0,0
404,13906,0,0,0,0,0,0,0,0
405,13882,0,0,0,0,0,0,0,0
406,15541,0,0,0,0,0,0,0,0
407,21844,0,0,0,0,0,0,0,0
408,13756,0,0,0,0,0,0,0,0
409,13753,0,0,0,0,0,0,0,0
410,13751,0,0,0,0,0,0,0,0
412,13646,0,0,0,0,0,0,0,0
413,13638,0,0,0,0,0,0,0,0
414,13613,0,0,0,0,0,0,0,0
415,13588,0,0,0,0,0,0,10415,0
416,13578,0,0,0,0,0,0,0,0
417,13567,0,0,0,0,0,0,0,0
418,13558,0,0,0,0,0,0,0,0
419,13517,0,0,0,0,0,0,0,0
420,13503,0,0,0,0,0,0,0,0
421,13479,0,0,0,0,0,0,0,0
422,18817,36680,15708,61409,32299,98810,18098,129958,30456
423,13441,0,0,0,0,0,0,0,0
424,13425,0,0,0,0,12149,0,14059,0
425,13409,0,0,0,0,0,0,0,0
426,13380,0,0,0,10917,12706,0,0,0
427,13358,0,0,0,0,0,0,0,0
428,46485,0,0,0,0,0,0,0,0
429,13320,0,0,0,0,0,0,0,0
430,13320,0,0,0,0,0,0,0,0
431,13305,0,0,0,0,0,0,0,0
432,13299,0,0,0,0,0,0,0,0
433,13268,0,0,0,0,0,0,0,0
434,13257,0,0,0,0,14622,0,17793,0
435,16471,0,0,0,0,0,0,0,0
436,13246,0,0,0,0,0,0,0,0
437,13204,0,0,0,0,0,0,0,0
438,13192,0,0,0,0,0,0,0,0
439,23292,0,0,0,0,0,0,0,0
440,13153,0,0,0,0,0,0,0,0
441,27005,0,0,0,0,0,0,0,0
442,13123,0,0,0,0,0,0,0,0
443,13111,0,0,0,0,0,0,0,0
444,13020,0,0,0,0,0,0,0,0
445,13012,0,0,0,0,0,0,0,0
446,12997,0,0,0,0,0,0,0,0
447,12991,0,0,0,0,0,0,0,0
448,12987,0,0,0,0,0,0,0,0
449,12964,0,0,0,0,0,0,25377,0
450,22565,0,0,0,0,0,0,0,0
451,12949,0,0,0,0,0,0,0,0
452,12908,0,0,0,0,0,0,0,0
453,12902,0,0,0,0,0,0,0,0
454,12892,0,0,0,0,0,0,0,0
455,12886,0,0,0,0,0,0,0,0
456,12852,0,0,0,30146,17004,15241,0,0
457,12830,0,0,0,0,0,0,0,0
458,12817,0,0,0,0,0,0,0,0
459,12814,0,0,0,0,0,0,0,0
460,12788,0,0,0,0,0,0,0,0
461,12769,0,0,0,0,0,0,0,0
462,12753,0,0,0,0,0,0,0,0
463,12717,0,0,0,0,0,0,0,0
464,12704,0,0,0,0,0,0,10491,0
465,12664,0,0,0,0,0,0,0,0
466,35151,0,0,0,0,0,0,0,11814
467,12610,0,0,0,0,0,0,12148,0
468,12600,0,0,0,0,0,0,0,0
469,12559,0,0,0,0,0,0,0,0
470,32963,0,0,0,0,0,0,0,0
471,12494,13426,0,0,0,16916,0,52979,0
472,21878,0,0,0,0,0,0,0,0
473,12463,0,0,0,0,0,0,10669,0
474,129249,0,0,0,0,0,0,0,0
475,12438,0,0,0,0,0,0,0,0
476,52025,0,0,0,0,0,0,0,0
477,12391,0,0,0,0,0,0,0,0
478,12375,11400,10566,0,31380,13349,19895,36419,12091
479,12373,12428,0,0,0,17081,10377,0,0
480,12343,0,0,0,0,0,0,0,0
481,12323,0,0,0,0,0,0,0,0
482,12291,0,0,11299,0,30045,11714,33723,15022
483,12286,0,0,0,0,0,0,18635,0
484,12270,0,0,0,0,0,0,0,0
485,12263,11689,0,16798,0,12630,0,11377,0
486,12255,0,0,0,0,0,0,0,0
487,12206,0,0,0,0,0,0,0,0
488,12188,0,0,0,0,0,0,0,0
489,12111,0,0,0,0,0,0,0,0
490,12101,25136,29227,0,0,0,0,30740,14251
491,12096,0,0,0,0,0,0,0,0
492,12085,0,0,0,0,0,0,0,0
493,12056,0,0,0,0,0,0,0,0
494,12042,0,0,0,0,0,0,0,0
495,11993,0,0,0,0,0,0,0,0
496,11989,0,0,0,0,0,0,0,0
497,11966,11754,0,0,17384,14051,0,16764,0
498,23515,0,0,0,0,0,0,0,0
499,11910,0,0,0,0,0,0,0,0
500,11902,0,0,0,0,0,0,0,0
501,11880,0,0,0,0,0,0,0,0
502,11863,0,0,0,0,0,0,0,0
503,11854,0,0,0,0,0,0,0,0
504,11837,0,0,0,0,0,0,0,0
505,11821,0,0,0,0,0,0,0,0
506,11795,0,0,0,0,0,0,0,0
507,11786,0,0,0,0,0,0,0,0
508,11763,0,0,0,0,0,0,0,0
509,11751,0,0,67244,67576,189551,151014,0,0
510,11748,0,0,0,0,0,0,0,0
511,15175,0,0,0,0,0,0,0,0
512,11695,0,0,0,0,0,0,0,0
513,11671,0,0,0,0,0,0,0,0
514,11638,0,0,0,12462,0,0,0,0
515,11637,0,0,0,0,0,0,0,0
516,11637,0,0,0,0,0,0,0,0
517,11575,0,0,27856,32194,30683,16250,38868,16810
518,11566,0,0,0,0,0,0,0,0
519,11509,0,0,0,0,0,0,0,0
520,11487,0,0,0,0,0,0,0,0
521,102128,0,0,0,0,0,0,0,0
522,11400,10693,0,0,20871,0,0,27714,0
523,11373,0,0,0,0,0,0,0,0
524,11351,0,0,0,0,0,0,0,0
525,11338,0,0,0,0,0,0,0,0
526,11317,0,0,0,0,0,0,0,0
527,24471,0,0,0,0,0,0,0,0
528,11294,0,0,0,0,0,0,0,0
529,11287,0,0,0,0,0,0,0,0
530,11273,0,0,0,0,0,0,0,0
531,11250,0,0,0,0,18372,0,20614,0
532,14917,0,0,0,0,0,0,0,0
533,11243,0,0,0,0,0,0,0,0
534,11238,0,0,0,0,0,0,0,0
535,11236,0,0,0,0,0,0,0,0
536,11236,0,0,0,0,0,0,0,0
537,11221,0,0,0,0,0,0,0,0
538,11144,0,0,0,0,0,0,0,0
539,11120,0,0,0,0,0,0,0,0
540,11093,0,0,0,0,0,0,0,0
541,11091,0,0,0,0,0,0,15338,0
542,30879,26683,13746,33684,30097,78812,19244,124442,24594
543,11078,0,0,0,0,0,0,0,0
544,11064,0,0,0,0,12107,0,10490,0
545,15773,0,0,0,0,0,0,0,0
546,10998,0,0,0,0,0,0,0,0
547,10950,0,0,0,0,0,0,0,0
548,10938,0,0,0,0,0,0,0,0
549,10904,0,0,0,0,0,0,0,0
550,10892,0,0,0,0,0,0,0,0
551,84892,0,0,0,0,0,0,0,0
552,10852,0,0,0,0,0,0,10025,0
553,10808,0,0,0,0,0,0,0,0
554,10808,0,0,0,0,0,0,0,0
555,10795,0,0,0,0,0,0,0,0
556,10777,0,0,0,0,0,0,0,0
557,19186,0,0,0,0,0,0,0,0
558,10763,0,0,0,0,0,0,0,0
559,10761,0,0,0,0,0,0,0,0
560,10755,0,0,0,0,0,0,0,0
561,10738,0,0,0,0,0,0,0,0
562,10726,0,0,0,0,0,0,0,0
563,10711,0,0,0,0,0,0,0,0
564,10704,0,0,0,0,0,0,0,0
565,10701,0,0,0,0,0,0,0,0
566,10695,0,0,0,0,0,0,0,0
567,10626,0,0,0,0,0,0,0,0
568,10554,0,0,0,0,0,0,0,0
569,10536,0,0,0,0,0,0,0,0
570,10533,0,0,0,0,0,0,0,0
571,10510,0,0,0,0,0,0,0,0
572,10503,0,0,0,0,0,0,0,0
573,10502,0,0,0,0,0,0,0,0
574,10470,0,0,0,0,0,0,0,0
575,10456,0,0,0,0,0,0,0,0
576,10434,0,0,0,0,0,0,0,0
577,10424,0,0,0,0,0,0,0,0
578,10410,0,0,0,0,0,0,0,0
579,10409,0,0,0,0,0,0,0,0
580,10397,0,0,0,0,0,0,0,0
581,10375,0,0,0,0,0,0,0,0
582,10367,0,0,0,0,0,0,0,0
583,10361,0,0,0,0,0,0,0,0
584,10361,0,0,0,0,0,0,0,0
585,10354,0,0,0,0,0,0,0,0
586,10334,0,0,0,0,0,0,0,0
587,10330,0,0,0,0,0,0,0,0
588,10286,0,0,0,0,0,0,0,0
589,10285,0,0,0,0,0,0,0,0
590,10278,19303,0,0,33797,0,19288,30276,11288
591,11137,0,0,0,0,0,0,0,0
592,10260,0,0,0,0,0,0,0,0
593,10243,0,0,0,0,10551,0,12035,0
594,10236,0,0,0,0,0,0,0,0
595,10236,0,0,0,0,0,0,0,0
596,10222,0,0,0,0,0,0,0,0
597,10217,0,0,0,0,0,0,0,0
598,10193,0,0,0,0,0,0,0,0
599,10175,0,0,0,0,0,0,0,0
600,10171,0,0,0,0,0,0,0,0
601,10166,0,0,0,0,0,0,0,0
602,10099,0,0,0,11327,0,0,0,0
603,10097,0,0,0,0,0,0,0,0
604,10092,0,0,0,0,0,0,0,0
605,10088,0,0,0,0,0,0,0,0
606,10086,0,0,0,0,0,0,0,0
607,10084,0,0,0,0,0,0,15892,0
608,11778,0,0,0,0,0,0,0,0
609,10057,0,0,0,0,0,0,12112,0
610,51184,0,0,0,0,0,0,0,0
611,10051,0,0,0,0,10285,0,17201,0
612,10051,0,0,0,0,0,0,0,0
613,10045,0,0,0,0,0,0,0,0
614,10795,0,0,0,0,0,0,0,0
615,10026,0,0,0,0,0,0,0,0
616,10014,0,0,0,0,0,0,0,0
617,1372496,0,0,0,0,0,0,0,0
618,546994,0,0,0,0,0,0,0,0
619,312359,0,0,0,0,0,0,0,0
620,261657,0,0,0,0,0,0,0,0
621,254569,0,0,0,0,0,0,0,0
622,249475,0,0,0,0,0,0,0,0
623,219446,0,0,0,0,0,0,0,0
624,200803,0,0,0,0,0,0,0,0
625,195594,0,0,0,0,0,0,0,0
626,175582,0,0,0,0,0,0,0,0
627,158630,0,0,0,0,0,0,0,0
629,134124,0,0,0,0,0,0,0,0
630,129747,0,0,0,0,0,0,0,0
631,110720,0,0,0,0,0,0,0,0
632,109543,0,0,0,0,0,0,0,0
633,104362,0,0,0,0,0,0,0,0
634,103855,0,0,0,0,0,0,0,0
636,85451,0,0,0,0,0,0,0,0
637,81226,0,0,0,0,0,0,0,0
638,76846,0,0,0,0,0,0,0,0
639,74528,0,0,0,0,0,0,0,0
641,74192,0,0,0,0,0,0,0,0
642,68875,0,0,0,0,0,0,0,0
643,67024,0,0,0,0,0,0,0,0
644,65293,0,0,0,0,0,0,0,0
645,60538,0,0,0,0,0,0,13357,0
646,59225,0,0,0,0,0,0,0,0
647,56048,0,0,0,0,0,0,0,0
648,55282,0,0,0,0,0,0,0,0
649,54895,0,0,0,0,0,0,0,0
650,53483,0,0,0,0,0,0,0,0
651,52955,0,0,13790,0,11809,0,0,0
653,49387,0,0,0,0,0,0,0,0
654,48893,0,0,0,0,0,0,0,0
655,48779,0,0,0,0,0,0,0,0
656,47888,0,0,0,0,0,0,0,0
657,47882,0,0,0,0,0,0,0,0
658,47261,0,0,0,0,0,0,0,0
659,45924,0,0,0,0,0,0,0,0
660,45540,0,0,0,0,0,0,0,0
661,43282,0,0,0,0,0,0,0,0
662,43186,0,0,0,0,0,0,0,0
663,41270,0,0,0,0,0,0,0,0
664,41196,0,0,0,0,0,0,0,0
665,40159,0,0,0,0,0,0,0,0
666,39894,0,0,0,0,0,0,0,0
667,36659,0,0,0,0,0,0,0,0
668,36286,0,0,0,0,0,0,0,0
669,36281,0,0,0,0,0,0,0,0
670,35995,0,0,0,0,0,0,0,0
671,35148,0,0,0,0,0,0,0,0
672,34593,0,0,0,0,0,0,0,0
673,33196,0,41337,0,0,0,0,0,0
674,32644,0,0,0,0,0,0,0,0
675,32453,0,0,0,0,0,0,19253,0
676,32276,0,0,0,0,0,0,0,0
677,31658,0,0,0,0,0,0,0,0
678,31532,0,0,0,0,0,0,0,0
679,31493,0,0,0,0,0,0,0,0
680,31042,0,0,0,0,0,0,0,0
681,30867,0,0,0,0,0,0,0,0
682,30772,0,0,0,0,0,0,0,0
683,30630,48284,295196,0,0,0,0,0,0
684,30477,0,0,0,0,0,0,0,0
685,29441,0,0,0,0,0,0,0,0
686,29314,0,0,0,0,0,0,0,0
687,29244,0,0,0,0,0,0,0,0
688,28396,0,0,0,0,0,0,0,11125
689,28339,0,0,0,0,0,0,0,0
690,28077,0,0,0,0,0,0,0,0
691,27929,0,0,0,0,0,0,0,0
692,27685,0,0,0,0,0,0,0,0
693,27363,0,0,0,0,0,0,0,0
694,27331,0,0,0,0,0,0,0,0
695,27299,0,0,0,0,0,0,0,0
696,27009,0,0,0,0,0,0,0,0
697,26968,0,0,0,0,0,0,0,0
698,26475,0,0,0,0,0,0,0,0
699,26388,0,0,0,0,0,0,0,0
700,26176,0,0,0,0,0,0,0,0
701,26068,0,0,0,0,0,0,0,0
702,26052,0,0,0,0,0,0,0,0
703,25836,0,0,0,0,0,0,0,0
704,25768,0,0,0,0,0,0,0,0
705,25699,0,0,0,0,0,0,0,0
706,25698,0,0,0,0,0,0,0,0
707,25188,0,0,0,0,0,0,0,0
708,25100,0,0,0,0,0,0,0,0
709,24793,0,0,0,0,0,0,0,0
710,24468,0,0,0,0,0,0,0,0
711,24208,0,0,0,0,0,0,0,0
712,24173,0,0,0,0,0,0,0,0
713,24060,0,0,0,0,0,0,0,0
714,24044,0,0,0,0,0,0,0,0
715,23850,0,0,0,0,0,0,0,0
716,23726,0,0,0,0,0,0,0,0
717,23723,0,0,0,0,0,0,0,0
718,23685,0,0,0,0,0,0,0,0
719,23679,0,0,0,0,0,0,0,0
720,23444,0,0,0,0,0,0,0,0
721,23365,0,0,0,0,0,0,22929,0
722,22833,0,0,0,0,0,0,0,0
723,28028,0,0,0,0,0,0,0,0
724,22287,0,0,0,0,0,0,0,0
725,22273,0,0,0,0,0,0,0,0
726,22199,0,0,0,0,0,0,0,0
727,22005,0,0,0,0,0,0,0,0
728,21892,0,0,0,0,0,0,0,0
729,21813,0,0,0,0,0,0,0,0
730,21690,0,0,0,0,0,0,0,0
731,21261,0,0,0,0,0,0,0,0
732,21241,0,0,0,0,0,0,0,0
733,21040,0,0,0,0,0,0,0,0
734,21004,0,0,0,0,0,0,0,0
735,20852,0,0,0,0,0,0,0,0
736,20788,0,0,0,0,0,0,0,0
737,20565,0,0,0,0,0,0,0,0
738,20524,0,0,0,0,0,0,0,0
739,20440,0,0,0,0,0,0,0,0
740,20432,55785,20690,0,0,0,0,226199,87826
741,20360,0,0,0,0,0,0,0,0
742,20357,0,0,0,0,0,0,0,0
743,20329,0,0,0,0,0,0,0,0
744,19967,0,0,0,0,0,0,0,0
745,19889,0,0,0,0,0,0,0,0
746,19836,0,0,0,0,0,0,0,0
747,19797,0,0,0,0,0,0,0,0
748,19754,0,0,0,0,0,0,0,0
749,19722,0,0,0,0,0,0,0,0
750,19662,0,0,0,0,0,0,0,0
751,19646,0,0,0,0,0,0,0,0
752,19462,0,0,0,0,0,0,0,0
753,19460,0,0,0,0,0,0,0,0
754,19433,0,0,0,0,0,0,0,0
755,19163,0,0,0,0,0,0,0,34575
756,18980,0,0,0,0,0,0,0,0
757,18951,0,0,0,0,0,0,0,0
758,18847,0,0,0,0,0,0,0,0
759,18832,0,0,0,0,0,0,0,0
760,18688,0,0,0,0,0,0,0,0
761,18684,0,0,0,0,0,0,0,0
762,18673,0,0,0,0,0,0,0,0
763,18536,0,0,0,0,0,0,0,0
764,18532,0,0,0,0,0,0,0,0
765,18484,11786,0,0,0,0,0,23889,0
766,20329,0,0,0,0,0,0,0,0
767,18320,0,0,0,0,0,0,0,0
768,18075,0,0,0,0,0,0,0,0
769,18054,0,0,0,0,0,0,0,0
770,17986,0,0,0,0,0,0,0,0
771,17910,0,0,0,0,0,0,0,0
772,17868,0,0,0,0,0,0,0,0
773,17841,0,0,0,0,0,0,0,0
774,17823,0,0,0,0,0,0,0,0
775,17776,0,0,0,0,0,0,0,0
776,17761,0,0,0,0,0,0,0,0
777,17761,0,0,0,0,0,0,0,0
778,17750,0,0,0,0,0,0,0,0
779,17748,0,0,0,0,0,0,0,0
780,17725,0,0,0,0,0,0,0,0
781,17690,0,0,0,0,0,0,0,0
782,17655,0,0,0,0,0,0,27800,0
783,17625,0,0,0,0,0,0,0,0
784,17619,0,0,0,0,0,0,0,0
785,17592,0,0,0,0,0,0,0,0
786,17565,0,0,0,0,0,0,0,0
787,17470,0,0,0,0,0,0,0,0
788,17428,0,11708,0,0,0,0,0,0
789,17326,0,0,0,0,0,0,0,0
790,17320,0,0,0,0,0,0,0,0
791,17306,0,0,0,0,0,0,0,0
792,17293,0,0,0,0,0,0,0,0
793,17247,0,0,0,0,0,0,0,0
794,17215,0,0,0,0,0,0,0,0
795,17192,0,0,0,0,0,0,0,0
796,17189,0,0,0,0,0,0,0,0
797,17159,0,0,0,0,0,0,0,0
798,17062,0,0,0,0,0,0,0,0
799,17046,0,0,0,0,0,0,0,0
800,17022,0,0,0,0,0,0,0,0
801,17016,0,0,0,0,0,0,0,0
802,17014,0,0,0,0,0,0,0,0
803,16983,0,0,0,0,0,0,0,0
804,16887,0,0,0,0,0,0,0,0
805,16807,0,0,0,0,0,0,0,0
806,16806,0,0,0,0,0,0,0,0
807,16790,0,0,0,0,0,0,0,0
808,16653,0,0,0,0,0,0,0,0
809,16519,0,16105,0,0,0,0,0,0
810,16500,0,0,127542,41975,146408,46485,38499,88446
811,16463,0,0,0,0,0,0,0,0
812,16444,0,0,0,0,0,0,0,0
813,16350,0,0,0,0,0,0,0,0
814,16303,0,0,0,0,0,0,10887,0
815,16292,0,0,0,0,0,0,0,0
816,16061,0,0,0,0,0,0,0,0
817,16038,0,0,0,0,0,0,0,0
818,16038,0,0,0,0,0,0,0,0
819,16024,0,0,0,0,0,0,0,0
820,15998,0,0,0,0,0,0,0,0
821,15942,0,0,0,0,0,0,0,0
822,15923,0,0,0,0,0,0,0,0
823,15890,0,0,0,0,0,0,36167,0
824,15840,0,0,0,0,0,0,0,0
825,15821,0,0,0,0,0,0,0,0
826,15721,0,0,0,0,0,0,0,0
827,15711,0,0,0,0,0,0,0,0
828,15679,0,0,0,0,0,0,0,0
829,21083,0,0,0,0,0,0,0,0
830,15559,0,0,0,0,0,0,0,0
831,15495,0,0,0,0,0,0,0,0
832,15476,0,0,0,0,0,0,0,0
833,15455,0,0,0,0,0,0,0,0
834,15427,0,0,0,0,0,0,0,0
835,15378,0,0,0,0,0,0,0,0
836,15340,0,0,0,0,0,0,0,0
838,15308,0,0,0,0,0,0,0,0
839,15274,0,0,0,0,0,0,0,0
840,15249,0,0,0,0,0,0,0,0
841,15224,0,0,0,0,0,0,18001,0
842,15206,0,0,0,0,0,0,0,0
843,21407,0,0,0,0,0,0,0,0
844,15194,0,0,0,0,0,0,0,0
845,15184,0,0,0,0,0,0,0,0
846,15181,0,0,0,0,0,0,11933,0
847,15093,0,0,0,0,0,0,0,0
848,15052,0,0,0,0,0,0,0,0
849,15051,0,0,0,0,0,0,0,0
850,15021,0,0,0,0,0,0,0,0
851,14981,0,0,0,0,0,0,0,0
852,14970,0,0,0,0,0,0,0,0
853,14968,0,0,0,0,0,0,0,0
854,14936,0,0,0,0,0,0,0,0
855,14921,0,0,0,0,0,0,0,0
856,14902,0,0,0,0,0,0,0,0
857,14897,0,0,0,0,0,0,0,0
858,14895,0,0,0,0,0,0,0,0
859,14822,0,0,0,0,0,0,0,0
860,14806,0,0,0,0,0,0,0,0
861,14753,0,0,0,0,0,0,0,0
862,14714,0,0,0,0,0,0,0,0
863,14710,0,0,0,0,0,0,0,0
864,14683,0,0,0,0,0,0,0,0
865,14673,0,0,0,0,0,0,0,0
866,14646,0,0,0,0,0,0,0,0
867,14645,0,0,0,0,0,0,0,0
868,14640,0,0,0,0,0,0,0,0
869,14611,0,0,0,0,0,0,0,0
870,14598,0,0,0,0,0,0,0,0
871,14594,0,0,0,0,0,0,0,0
872,14562,0,0,0,0,0,0,0,0
873,14514,0,0,0,0,0,0,0,0
874,14496,0,0,0,0,0,0,0,0
875,14487,0,0,0,0,0,0,0,0
876,14473,0,0,0,0,0,0,0,0
877,14453,0,0,0,0,0,0,0,0
878,14394,0,0,0,0,0,0,0,0
879,14387,0,0,0,0,0,0,0,0
880,18309,0,0,0,0,0,0,0,0
881,14309,0,0,0,0,0,0,0,0
882,14282,0,0,0,0,0,0,0,0
883,14282,0,0,0,0,0,0,0,0
884,14253,0,0,0,0,0,0,0,0
885,14181,0,0,0,0,0,0,0,0
886,14166,0,0,0,0,0,0,0,0
887,14131,0,0,0,0,0,0,0,0
888,14028,0,0,0,0,0,0,0,0
889,13997,0,0,0,0,0,0,0,0
890,13958,0,0,0,0,0,0,0,0
891,13931,0,0,0,0,0,0,0,0
892,13927,0,0,0,0,0,0,0,0
893,13912,0,0,0,0,0,0,0,0
894,13911,0,0,0,0,0,0,0,0
895,13911,0,0,0,0,0,0,0,0
896,13865,0,0,0,0,0,0,0,0
897,13845,0,0,0,0,0,0,0,0
898,13837,0,0,0,0,0,0,0,0
899,13832,0,0,0,0,0,0,0,0
900,13806,0,0,0,0,0,0,0,0
901,13805,0,0,0,0,0,0,0,0
902,13803,0,0,0,0,0,0,0,0
903,13798,0,0,0,0,0,0,0,0
904,13728,0,0,0,0,0,0,0,0
905,13727,0,0,0,0,0,0,0,0
906,13721,0,0,0,0,0,0,0,0
907,13712,0,0,0,0,0,0,0,0
908,13709,0,0,0,0,0,0,0,0
910,13583,0,0,0,0,0,0,0,0
911,13576,0,0,0,0,0,0,0,0
912,13556,0,0,0,0,0,0,0,0
913,13516,0,0,0,0,0,0,0,0
914,13491,0,0,0,0,0,0,0,0
915,13451,0,0,0,0,0,0,0,0
916,13415,0,0,0,0,0,0,0,0
917,13338,0,0,0,0,0,0,0,0
918,13330,0,0,0,0,0,0,0,0
919,13326,0,0,0,0,0,0,0,0
920,13325,0,0,0,0,0,0,0,0
921,13300,0,0,0,0,0,0,0,0
922,13258,0,0,0,0,0,0,0,0
923,13209,0,0,0,0,0,0,0,0
924,13175,0,0,0,0,0,0,0,0
925,13173,0,0,0,0,0,0,0,0
926,13129,0,10257,0,0,0,0,0,0
927,13127,0,0,0,0,0,0,0,0
928,13115,0,0,0,0,0,0,0,0
929,13083,0,0,0,0,0,0,0,0
930,12983,0,0,0,0,0,0,0,0
931,12917,0,0,0,0,0,0,0,0
932,12863,0,0,0,0,0,0,0,0
933,12829,0,0,0,0,0,0,0,0
934,12787,0,0,0,0,0,0,0,0
935,12749,0,0,0,0,0,0,0,0
936,12683,0,0,0,0,0,0,0,0
937,12675,0,0,0,0,0,0,0,0
938,12633,0,0,0,0,0,0,0,0
939,12598,0,0,0,0,0,0,0,0
940,12557,0,0,0,0,0,0,0,0
941,12549,0,0,0,0,0,0,0,0
942,12528,0,0,0,0,0,0,0,0
943,12485,0,0,0,0,0,0,0,0
944,12415,0,0,0,0,0,0,0,0
945,12394,0,0,0,0,0,0,0,0
946,12381,0,0,0,0,0,0,0,0
947,12355,0,0,0,0,0,0,0,0
948,12332,0,0,0,0,0,0,0,0
949,14139,0,0,0,0,0,0,0,0
950,12306,0,0,0,0,0,0,0,0
951,12305,0,0,0,0,0,0,0,0
952,12286,0,0,0,0,0,0,0,0
953,12264,0,0,0,0,0,0,0,0
954,12254,0,0,0,0,0,0,0,0
955,12249,0,0,0,0,0,0,0,0
956,12239,0,0,0,0,0,0,0,0
957,12231,0,0,0,0,0,0,0,0
958,12200,0,0,0,0,0,0,0,0
959,12139,0,0,0,0,0,0,0,0
960,12096,14159,39696,0,0,0,0,0,0
961,12093,0,0,0,0,0,0,0,0
962,12055,0,0,0,0,0,0,0,0
963,12040,0,0,0,0,0,0,0,0
964,12022,0,0,0,0,0,0,0,0
965,11983,0,0,0,0,0,0,0,0
966,11980,0,0,0,0,0,0,0,0
967,11968,0,0,0,0,0,0,0,0
968,11928,0,0,0,0,0,0,0,0
969,11901,0,0,0,0,0,0,0,0
970,11795,0,0,0,0,0,0,0,0
971,11738,0,0,0,0,0,0,0,0
972,11731,0,0,0,0,0,0,0,0
973,11685,0,0,0,0,0,0,0,0
974,11683,0,0,0,0,0,0,0,0
975,11682,0,0,0,0,0,0,0,0
976,11651,0,0,0,0,0,0,0,0
977,11632,0,0,0,0,0,0,0,0
978,11632,0,0,0,0,0,0,0,0
979,11596,0,0,0,0,0,0,0,0
980,11581,0,0,0,0,0,0,0,0
981,11538,0,0,0,0,0,0,0,0
982,11475,0,0,0,0,0,0,0,0
983,11475,0,0,0,0,0,0,0,0
984,11462,0,0,0,0,0,0,0,0
986,11398,0,0,0,0,0,0,0,0
987,11391,0,0,0,0,0,0,0,0
988,11389,0,0,0,0,0,0,0,0
989,11372,0,0,0,0,0,0,0,0
990,11350,0,0,0,0,0,0,0,0
991,11348,0,0,0,0,0,0,0,0
992,11288,0,0,0,0,0,0,0,0
993,11254,0,0,0,0,0,0,0,0
994,11251,0,0,0,0,0,0,0,0
995,11236,0,0,0,0,0,0,0,0
996,11224,0,0,0,0,0,0,0,0
997,11212,0,0,0,0,0,0,0,0
998,11176,0,0,0,0,0,0,0,0
1000,11164,0,0,0,0,0,0,0,0
1001,11163,0,0,0,0,0,0,0,0
1002,11163,0,0,0,0,0,0,0,0
1003,11154,0,0,0,0,0,0,0,0
1004,11148,0,0,0,0,0,0,0,0
1005,11144,0,0,0,0,0,0,0,0
1006,11124,0,0,0,0,0,0,0,0
1007,11114,0,0,0,0,0,0,0,0
1008,11109,0,0,0,0,0,0,0,0
1009,11077,0,0,0,0,0,0,0,0
1010,11069,0,0,0,0,0,0,0,0
1011,11052,0,0,0,0,0,0,0,0
1012,11044,0,0,0,0,0,0,0,0
1013,11035,0,0,0,0,0,0,0,0
1014,11034,0,0,0,0,0,0,0,0
1015,11017,0,0,0,0,0,0,0,0
1016,11006,0,0,0,0,0,18075,0,0
1017,11004,0,0,0,0,0,0,0,0
1018,10999,0,0,0,0,0,0,0,0
1019,10993,0,0,0,0,0,0,0,0
1020,10977,0,0,0,0,0,0,0,0
1021,10976,0,0,0,0,0,0,0,0
1022,10969,0,0,0,0,0,0,0,0
1023,10960,0,0,0,0,0,0,0,0
1024,10953,0,0,0,0,0,0,0,0
1025,17334,0,0,0,0,0,0,0,0
1026,10896,0,0,0,0,0,0,0,0
1027,10881,0,0,0,0,0,0,0,0
1028,10873,0,0,0,0,0,0,0,0
1029,10835,0,0,0,0,0,0,0,0
1030,10831,0,0,0,0,0,0,0,0
1031,10830,0,0,0,0,0,0,0,0
1032,10828,0,0,0,0,0,0,0,0
1033,10821,0,0,0,0,0,0,0,0
1034,10812,17000,0,0,0,0,0,0,0
1035,10806,0,0,0,0,0,0,0,0
1036,10799,0,0,0,0,0,0,0,0
1037,10794,0,0,0,0,0,0,0,0
1038,10778,0,0,0,0,0,0,0,0
1039,10776,0,0,0,0,0,0,0,0
1040,10771,0,0,0,0,0,0,0,0
1041,10768,0,0,0,0,0,0,0,0
1042,10744,0,0,0,0,0,0,0,0
1043,10743,0,0,0,0,0,0,0,0
1044,10726,0,0,0,0,0,0,0,0
1045,10708,0,0,0,0,0,0,0,0
1046,10698,0,0,0,0,0,0,0,0
1047,10691,0,0,0,0,0,0,0,0
1048,10689,0,0,0,0,0,0,0,0
1049,10665,0,0,0,0,0,0,0,0
1050,10661,0,0,0,0,0,0,0,0
1051,10659,0,0,0,0,0,0,0,0
1052,44261,0,0,0,0,0,0,0,0
1053,10620,0,0,0,0,0,0,0,0
1054,10608,0,0,0,0,0,0,0,0
1055,10596,0,0,0,0,0,0,0,0
1056,10587,0,0,0,0,0,0,0,0
1057,10585,0,0,0,0,0,0,0,0
1058,10577,0,0,0,0,0,0,12673,0
1059,10569,0,0,0,0,0,0,0,0
1060,10559,0,0,0,0,0,0,0,0
1061,10555,0,0,0,0,0,0,0,0
1062,10554,0,0,0,0,0,0,0,0
1063,10548,0,0,0,0,0,0,0,0
1064,10545,0,0,0,0,0,0,0,0
1065,10535,0,0,0,0,0,0,0,0
1066,10513,0,0,0,0,0,0,0,0
1067,10507,0,0,0,0,0,0,0,0
1068,10505,0,0,0,0,0,0,0,0
1069,10505,0,0,0,0,0,0,0,0
1070,10501,0,0,0,0,0,0,11906,0
1071,10491,0,0,0,0,0,0,0,0
1072,10488,0,0,0,0,0,0,0,0
1073,10483,37397,12068,34599,21617,27008,0,52085,20289
1074,10460,0,0,0,0,0,0,0,0
1075,10458,0,0,0,0,0,0,0,0
1076,10457,0,0,0,0,0,0,0,0
1077,10447,0,0,0,0,0,0,0,0
1078,10422,0,0,0,0,0,0,0,0
1079,10403,0,0,0,0,0,0,0,0
1080,10371,0,0,0,0,0,0,0,0
1081,10361,0,0,0,0,0,0,0,0
1082,10338,0,0,0,0,0,0,0,0
1083,10314,0,0,0,0,0,0,0,0
1084,10302,0,0,0,0,0,0,0,0
1085,10297,0,0,0,0,0,0,0,0
1086,10288,0,0,0,0,0,0,0,0
1087,10287,0,0,0,0,0,0,0,0
1088,10284,0,0,0,0,0,0,0,0
1089,14309,0,0,0,0,0,0,0,0
1090,10269,0,0,0,0,0,0,0,0
1091,10268,0,0,0,0,0,0,0,0
1092,10265,0,0,0,0,0,0,0,0
1093,10244,0,0,0,0,0,0,0,0
1094,10238,0,0,0,0,0,0,0,0
1095,10231,0,0,0,0,0,0,0,0
1096,10219,0,0,0,0,0,0,0,0
1097,10215,0,0,0,0,0,0,0,0
1098,10212,0,0,0,0,0,0,0,0
1099,10209,0,0,0,0,0,0,0,0
1100,10203,0,0,0,0,0,0,0,0
1101,10189,0,0,0,0,0,0,0,0
1102,10188,0,0,0,0,0,0,0,0
1103,10182,0,0,0,0,0,0,0,0
1104,10177,0,0,0,0,0,0,0,0
1105,10169,0,0,0,0,0,0,0,0
1106,10166,0,0,0,0,0,0,0,0
1107,10160,0,0,0,0,0,0,0,0
1108,10159,0,0,0,0,0,0,0,0
1109,10150,0,0,0,0,0,0,0,0
1110,10144,0,0,0,0,0,0,0,0
1111,10143,0,0,0,0,0,0,0,0
1112,10140,0,0,0,0,0,0,0,0
1113,10132,0,0,0,0,0,0,0,0
1114,10090,0,0,0,0,0,0,0,0
1115,10046,0,0,0,0,0,0,0,0
1116,10033,0,0,0,0,0,0,0,0
1117,10014,0,0,0,0,0,0,0,0
1118,10014,0,0,0,0,0,0,0,0
1120,128423,118383,64637,178531,202651,364149,102082,357693,208103
1121,106710,0,21240,0,0,0,0,0,14239
1122,106192,0,0,0,10093,0,0,0,0
1124,91139,0,0,0,0,0,0,0,0
1125,90975,0,0,0,12709,0,0,0,0
1126,89879,0,0,0,0,0,0,0,0
1128,83397,0,0,0,0,0,0,0,0
1129,67597,0,90699,0,74460,0,55923,53978,95317
1130,62699,0,26691,0,0,0,0,0,20833
1131,60402,0,0,0,0,0,0,0,0
1132,51413,0,16242,0,0,0,0,0,11622
1133,50897,0,0,0,12436,0,0,0,0
1134,48544,0,0,0,0,0,0,0,0
1135,46660,0,0,0,0,0,0,0,10655
1136,44605,0,46270,35702,24657,40157,25519,0,69461
1137,42582,0,16777,0,0,0,0,0,15432
1139,38411,0,0,0,0,0,0,0,0
1140,37471,0,0,0,0,0,0,0,0
1141,37251,0,0,0,0,0,0,0,0
1142,36062,0,0,0,0,0,0,0,0
1143,35239,0,0,0,0,0,0,0,0
1144,35089,0,0,0,0,0,0,0,0
1145,34370,0,0,0,0,0,0,0,0
1146,33777,0,0,0,0,0,0,0,0
1147,33369,0,0,0,0,0,0,0,0
1148,31791,0,0,0,0,0,0,0,0
1149,31486,0,0,0,0,0,0,0,0
1150,30560,0,0,0,0,0,0,0,0
1151,29416,0,0,0,0,0,0,0,0
1152,29292,0,0,0,0,0,0,0,0
1153,29262,0,0,0,0,0,0,0,0
1154,29180,0,0,0,0,0,0,0,0
1155,28131,0,0,0,0,0,0,0,0
1156,27899,0,0,0,0,0,0,0,0
1157,26973,0,0,0,0,0,0,0,0
1158,26777,0,0,0,0,0,0,0,0
1159,26657,11688,0,0,0,0,0,0,0
1160,26305,0,0,0,0,0,0,0,0
1161,25823,0,18746,0,0,0,0,0,14298
1162,24595,0,0,0,0,0,0,0,0
1163,23858,0,0,0,0,0,0,0,0
1164,23710,0,0,0,0,0,0,0,0
1165,23111,0,0,0,0,0,0,0,0
1166,22686,0,0,0,0,0,0,0,0
1167,22570,10845,0,0,0,0,0,0,0
1168,22184,0,0,0,0,0,0,0,0
1169,21817,0,0,0,0,0,0,0,0
1170,21655,0,0,0,0,0,0,0,0
1172,20526,0,0,0,0,0,0,0,0
1174,20190,0,0,0,0,0,0,0,0
1175,19967,0,0,0,0,0,0,0,0
1176,19246,0,19769,12196,11568,0,0,0,0
1177,19239,0,0,0,0,0,0,0,0
1180,18074,0,0,0,0,0,0,0,0
1181,17925,0,0,0,0,0,0,0,0
1182,17372,0,0,0,0,0,0,0,0
1184,17261,48528,18106,14448,15757,28453,0,40477,22306
1185,17059,0,0,0,0,0,0,0,0
1186,16828,0,0,0,0,0,0,0,0
1187,16307,0,0,0,0,0,0,0,0
1188,16149,21497,0,28999,59748,41458,32752,36428,22235
1189,16146,0,0,0,0,0,0,0,0
1190,16133,17684,0,14770,12479,33439,0,57339,12092
1191,16055,0,0,0,0,0,0,0,0
1193,15745,0,0,0,0,0,0,0,0
1194,15574,0,0,0,0,0,0,0,0
1195,15534,0,0,0,0,0,0,0,0
1196,15510,0,0,0,0,0,0,0,0
1198,15331,0,0,0,0,0,0,0,0
1199,15240,0,0,0,0,0,0,0,0
1200,14912,0,0,0,0,0,0,0,0
1201,14784,0,17733,0,0,0,0,0,13109
1202,14729,0,0,0,0,0,0,0,0
1203,14254,0,0,0,0,0,0,0,0
1204,14164,0,0,0,0,0,0,0,0
1205,14052,0,12936,0,0,0,0,0,13428
1206,14040,0,0,0,0,0,0,0,0
1207,14003,0,0,0,0,0,0,0,0
1208,13966,0,0,0,32193,13680,0,15089,0
1209,13907,0,12723,0,0,0,0,0,0
1210,13830,0,0,0,0,0,0,0,0
1211,13715,0,0,0,0,0,0,0,0
1212,13514,0,0,0,0,0,0,0,0
1214,13329,0,0,0,0,0,0,0,0
1215,13320,0,0,0,0,0,0,0,0
1217,13017,0,0,0,0,0,0,0,0
1218,12973,0,0,0,0,0,0,0,0
1219,12616,0,0,0,0,0,0,12307,0
1220,12519,0,0,0,0,0,0,0,0
1221,12480,0,0,0,0,0,0,0,0
1222,12464,16175,0,34608,17902,55889,0,50238,15601
1223,12414,0,0,0,0,0,0,0,0
1224,12312,0,0,0,0,0,0,0,0
1225,12230,36428,0,0,0,0,0,10419,0
1226,12190,29813,15478,18740,35165,75056,14811,60379,0
1227,12167,0,0,0,0,0,0,0,0
1228,11891,0,0,0,0,0,0,0,0
1230,11847,0,0,0,0,0,0,0,0
1231,11771,0,0,0,0,25521,0,0,0
1232,11612,0,0,0,0,0,0,0,0
1233,36062,0,0,0,0,0,0,0,0
1234,11533,0,49055,0,18908,0,0,10296,47180
1235,11457,0,0,0,0,0,0,0,0
1236,11411,0,0,0,0,0,0,0,0
1237,11280,0,0,0,0,0,0,0,0
1238,11124,0,0,0,0,0,0,0,0
1239,11098,0,0,0,0,0,0,0,0
1240,11075,0,0,0,0,0,0,0,0
1241,10919,0,0,0,0,0,0,0,0
1242,10844,0,0,0,0,0,0,0,0
1243,10841,0,17642,0,0,0,0,10698,16267
1244,10797,0,0,0,0,0,0,0,0
1245,10698,0,0,0,0,0,0,0,0
1246,10595,16828,0,23156,14983,37147,0,40499,11733
1247,10572,0,0,0,0,0,0,0,0
1248,10561,0,0,0,0,0,0,0,0
1249,10526,0,0,0,0,0,0,0,0
1250,10513,0,0,0,0,0,0,0,0
1251,10470,0,0,0,0,0,0,0,0
1253,10392,0,0,0,0,0,0,0,0
1254,10375,0,0,0,0,0,0,0,0
1256,10302,0,0,0,0,0,0,0,0
1257,10274,0,0,0,0,0,0,0,0
1258,10271,0,0,0,0,0,0,0,0
1259,10267,0,0,0,0,0,0,0,0
1260,10245,0,0,0,0,0,0,0,0
1261,10194,0,0,0,0,0,0,0,0
1262,10188,0,0,0,0,0,0,0,0
1263,10172,0,0,0,0,0,0,0,0
1264,10151,0,0,0,0,0,0,0,0
1265,10143,0,25227,100887,0,16838,0,17033,0
1266,10142,0,0,0,0,0,0,0,0
1267,10065,0,0,0,0,0,0,0,0
1268,10046,0,0,0,0,0,0,0,0
1269,10017,0,0,0,0,0,0,0,0
1270,10014,0,0,0,0,0,0,0,0
1272,0,395044,243817,0,0,0,0,0,0
1274,0,336405,181910,0,0,0,0,0,0
1275,0,192413,0,0,0,0,0,0,0
1276,0,379961,0,0,0,0,0,0,0
1278,0,109391,40461,34704,35273,70425,23151,100081,56972
1280,0,90668,0,0,0,0,0,81642,2645034
1281,0,102855,0,0,0,0,0,422732,132931
1282,0,79868,27849,41860,20057,75647,30811,231019,62728
1283,0,119635,47640,620027,522119,942831,10543,213209,0
1284,0,69351,27743,51837,60127,101588,22892,183894,37636
1285,0,88873,0,0,0,0,0,481979,28062
1286,0,113868,10418,13692,0,11115,0,0,12299
1287,0,60385,20392,13545,19632,25825,12817,229002,33735
1288,0,57413,26224,34784,56551,77775,32626,0,38559
1290,0,51173,41524,0,0,0,34905,47278,13953
1292,0,45641,0,0,0,0,0,0,57422
1293,0,97899,16222,31836,11444,23075,0,0,22496
1294,0,45014,22402,44586,51286,63979,19625,33208,29661
1295,0,45932,26910,0,0,0,0,0,0
1296,0,48005,0,0,0,0,0,21954,81510
1297,0,60273,0,0,0,0,0,0,0
1298,0,54598,0,0,0,0,0,290305,216029
1302,0,46637,18956,0,0,0,0,0,0
1304,0,40424,0,0,0,0,0,237194,66839
1305,0,39399,282969,0,0,0,0,0,0
1306,0,48164,0,0,0,0,0,0,0
1308,0,30318,0,0,28508,25625,20954,0,0
1309,0,29833,0,11926,11593,16923,0,70393,13012
1310,0,29734,18215,0,0,0,0,0,0
1311,0,29398,52205,0,19931,27492,43958,51798,0
1313,0,29564,0,0,0,0,0,133037,48113
1314,0,35778,17176,296915,311063,397485,42240,40775,144342
1315,0,27637,10740,0,0,0,0,0,0
1316,0,27479,0,0,0,0,0,0,0
1317,0,27444,0,0,0,0,0,13599,10718
1318,0,27223,0,0,0,0,0,12153,0
1319,0,28510,11757,0,0,0,0,0,21645
1321,0,26389,18378,0,0,0,0,30734,0
1322,0,26345,42310,225617,548743,425736,117898,32177,0
1323,0,30816,11450,0,0,0,0,195906,0
1324,0,24569,0,0,0,0,0,0,0
1326,0,24041,0,0,0,0,0,20870,1313863
1328,0,23308,0,0,0,0,0,0,0
1329,0,23768,0,0,0,0,0,101812,69194
1331,0,36515,21322,0,0,0,0,0,0
1332,0,21557,0,0,0,0,0,22466,0
1333,0,21473,0,0,23663,23056,32586,16556,0
1334,0,55916,56975,0,0,0,0,108973,0
1335,0,22070,33960,0,0,0,0,0,0
1336,0,29706,17587,0,0,0,0,13011,21536
1337,0,20006,14676,0,0,0,0,54778,0
1339,0,19650,0,11331,29456,23105,10423,67598,13741
1340,0,27222,36511,0,0,0,0,0,0
1342,0,29577,0,0,0,0,0,0,0
1343,0,19073,11479,309493,691573,650689,137395,29734,20536
1345,0,25583,18320,20921,21792,38349,17985,78244,13327
1346,0,22778,0,110887,178766,255784,159191,35391,104604
1349,0,23937,0,0,11375,0,0,0,27315
1350,0,17451,0,0,0,0,0,0,0
1351,0,17387,0,0,0,0,0,0,0
1352,0,19101,0,0,0,11389,10079,52426,0
1353,0,17812,0,0,0,0,0,49891,32026
1354,0,17894,0,0,0,0,0,131276,0
1355,0,18682,0,0,0,0,0,0,0
1356,0,29273,16912,0,0,0,0,35120,0
1358,0,28270,0,0,0,0,0,0,0
1359,0,20253,11759,0,16993,13895,11380,78682,10372
1361,0,22019,0,10170,0,22134,0,0,0
1362,0,16417,10146,0,0,0,0,15672,0
1363,0,16412,0,0,0,16597,0,51861,11689
1364,0,16278,0,0,0,0,0,0,0
1365,0,17547,12377,0,0,0,0,0,0
1366,0,17841,10966,10924,0,12969,0,29605,14198
1367,0,15913,0,14093,33130,34867,22965,36062,0
1368,0,15875,0,13007,0,19583,0,88668,0
1369,0,18717,0,0,0,0,0,0,0
1370,0,15736,0,0,0,0,0,27685,0
1371,0,20167,22152,0,0,0,0,0,0
1372,0,15519,0,0,0,0,0,0,0
1374,0,15148,0,17648,20378,35376,19660,36182,16873
1375,0,15429,23448,0,0,0,0,47245,0
1376,0,15085,0,0,0,0,0,0,0
1378,0,14857,0,0,0,0,0,0,0
1379,0,17393,11145,0,0,0,0,10573,0
1380,0,15457,0,0,0,0,0,29755,16396
1381,0,14961,0,0,0,0,0,98232,38201
1382,0,14663,0,0,0,0,0,0,0
1384,0,14536,0,0,0,0,0,118283,54739
1385,0,17321,0,0,0,0,0,22398,16785
1386,0,14334,0,13871,22835,26997,10859,35759,12378
1387,0,14322,0,0,0,0,0,0,0
1388,0,14312,0,20423,21845,0,16751,0,20120
1389,0,15936,0,0,0,0,0,40482,138772
1390,0,20460,0,34148,75085,42670,41416,22595,19546
1391,0,13591,0,0,0,0,0,0,0
1392,0,13529,0,0,0,0,0,0,0
1393,0,13515,0,0,0,0,0,0,0
1395,0,13409,0,0,0,0,0,0,0
1396,0,13385,0,0,0,0,0,0,0
1399,0,13285,0,0,0,0,0,24105,0
1400,0,18923,0,0,0,0,0,0,0
1401,0,13178,0,0,0,0,0,0,0
1402,0,13160,0,0,0,0,0,0,0
1403,0,13242,0,0,0,0,0,169841,0
1404,0,13122,0,0,10284,13248,11844,11254,0
1405,0,13092,0,0,0,0,0,0,0
1406,0,13739,10723,10432,10428,17739,0,44897,0
1407,0,12885,0,0,0,0,0,0,0
1409,0,12865,0,10278,22483,17616,11345,20119,10241
1410,0,40316,38790,0,0,0,0,79370,0
1412,0,14382,0,0,0,0,0,0,0
1413,0,50472,0,0,0,0,0,0,81142
1414,0,12583,0,0,0,0,0,0,0
1415,0,12477,15011,0,0,0,0,0,0
1416,0,12370,0,0,0,0,0,0,0
1417,0,12360,0,0,0,0,0,0,0
1418,0,31478,22830,130346,196618,109670,52937,77914,173658
1419,0,12181,0,0,0,0,0,0,0
1420,0,12177,0,0,0,0,0,11261,46294
1421,0,16599,0,27637,88752,39142,40269,21872,15962
1422,0,12128,0,0,0,0,0,0,0
1423,0,12111,0,0,0,0,0,0,0
1424,0,12057,0,0,0,12286,10383,0,0
1425,0,21719,15365,0,0,0,0,34244,0
1426,0,11902,0,0,0,0,0,0,0
1427,0,11827,11827,0,0,0,0,18943,0
1428,0,11800,0,0,0,0,0,0,0
1429,0,11795,0,0,0,0,0,32056,19020
1430,0,24594,28219,0,0,0,0,59545,0
1431,0,11783,0,10024,11371,15057,11690,10205,0
1432,0,14193,38017,0,0,0,0,13039,0
1433,0,11517,0,0,0,11568,0,0,0
1434,0,11319,0,0,0,0,0,0,0
1435,0,11250,0,0,0,0,0,0,0
1436,0,11249,0,0,0,0,0,0,0
1437,0,13584,11338,0,0,0,0,65175,0
1438,0,12441,0,10190,0,0,0,14543,10579
1439,0,11217,0,0,0,0,0,13275,288101
1440,0,15487,0,0,0,0,0,0,0
1441,0,46291,0,0,0,0,0,0,0
1443,0,81958,0,0,0,0,0,0,0
1445,0,10921,0,0,0,0,0,17383,0
1446,0,10920,26530,0,0,0,0,0,0
1447,0,13488,0,0,0,0,0,36261,0
1448,0,12314,0,0,12644,15195,0,20104,0
1449,0,14132,0,0,0,0,0,0,0
1451,0,10827,0,0,0,0,0,0,0
1452,0,12376,0,0,0,14865,12736,0,0
1453,0,10814,0,0,0,0,0,0,0
1454,0,12307,0,0,0,0,0,0,0
1455,0,10808,0,0,0,0,0,10982,25533
1456,0,24210,22707,0,0,0,0,54654,0
1457,0,17496,11474,13010,10353,21789,0,34591,0
1458,0,10779,0,0,0,0,0,0,0
1459,0,13494,10311,0,0,0,0,0,0
1460,0,14502,0,0,0,0,0,0,0
1461,0,10764,0,0,0,0,0,0,0
1462,0,24315,0,0,0,0,0,0,0
1463,0,10681,0,0,0,0,0,19519,0
1464,0,10783,0,0,0,10619,0,0,0
1465,0,10589,14867,0,0,0,0,11763,0
1466,0,50432,16191,0,0,0,0,17911,14594
1467,0,13704,0,0,0,0,0,0,0
1468,0,10490,0,0,15846,12831,0,34279,0
1469,0,10489,0,460669,512736,717971,366850,0,10288
1471,0,10303,0,0,0,0,0,0,0
1473,0,10269,38612,197888,72217,168440,24968,0,16989
1474,0,20796,16159,0,0,11946,0,60939,0
1475,0,10219,0,18513,0,31592,0,0,27457
1476,0,43172,0,0,0,0,0,0,0
1477,0,12810,0,0,0,0,0,32876,0
1478,0,10095,0,0,0,0,0,0,0
1479,0,10084,0,0,0,0,0,0,0
1480,0,10370,0,0,0,0,0,0,0
1481,0,10035,0,0,0,0,0,0,0
1482,0,10007,0,10127,0,21350,0,21426,15635
1484,0,245196,0,249196,0,0,0,0,0
1486,0,51256,0,38328,0,24906,0,0,0
1487,0,48394,16728,23750,0,22528,18755,70118,108145
1489,0,38493,18503,0,0,0,0,40536,0
1491,0,32881,17846,0,0,0,0,0,0
1494,0,29384,29367,0,0,0,0,47991,0
1496,0,26493,0,0,0,0,0,0,0
1499,0,24194,22413,0,0,0,0,35073,0
1501,0,20322,18483,0,0,0,0,15586,0
1502,0,20007,0,0,0,0,0,0,35828
1503,0,19799,23675,0,0,0,0,0,0
1504,0,18772,0,107125,171667,221167,126956,23422,97705
1506,0,18419,0,12823,0,0,0,0,0
1507,0,18058,0,0,0,0,0,0,0
1508,0,17733,0,18347,0,12561,0,0,0
1509,0,17479,21729,0,0,0,0,0,0
1510,0,18225,20852,14130,21061,32959,14042,0,28707
1512,0,17069,0,24978,0,15264,0,0,0
1513,0,16610,0,67289,128469,146408,0,42114,102143
1514,0,16323,17948,0,43711,14648,27416,382889,24089
1515,0,16181,0,0,0,0,0,197714,0
1516,0,16034,23258,0,0,0,0,16737,0
1518,0,14833,0,0,0,0,0,0,0
1519,0,14657,15698,0,0,0,0,12158,0
1520,0,14467,11500,0,0,0,0,42765,0
1521,0,14444,0,67050,70008,121215,101749,33073,51701
1522,0,14329,0,0,0,0,0,0,0
1523,0,19047,17853,0,0,12526,0,26646,10602
1524,0,14135,0,13619,0,0,0,0,0
1526,0,13907,0,0,0,0,0,46046,16846
1527,0,13862,10562,0,0,12195,0,52939,0
1529,0,13847,0,0,0,0,0,0,0
1530,0,13617,0,0,0,22240,24567,22521,13342
1531,0,13402,0,0,0,0,0,17094,0
1532,0,12988,0,0,0,0,0,160962,0
1533,0,12891,18097,0,0,0,0,10090,0
1534,0,12852,0,0,0,0,0,0,19542
1535,0,12651,0,13918,0,0,0,0,0
1536,0,12575,0,0,0,0,0,0,0
1537,0,12365,10145,0,0,0,0,0,0
1538,0,12252,13850,0,0,0,0,19631,0
1539,0,12144,0,0,0,0,0,16947,0
1540,0,12115,0,0,0,0,0,0,0
1542,0,11987,0,0,65584,38425,31767,36641,25117
1543,0,11876,0,15302,0,13007,0,0,0
1544,0,11805,0,0,0,0,0,0,0
1545,0,11770,0,0,0,0,0,0,0
1546,0,11649,0,0,0,0,0,34932,36328
1547,0,11635,0,0,0,0,0,40641,0
1548,0,11555,0,0,0,0,0,29995,0
1549,0,11552,0,10242,0,0,0,0,0
1550,0,11547,10610,0,0,10165,0,0,0
1551,0,11526,0,0,0,0,0,0,17473
1552,0,11521,12734,0,0,0,0,20371,0
1553,0,11457,0,0,0,0,0,19464,0
1554,0,11391,0,0,0,0,0,0,0
1555,0,11303,0,0,0,0,0,0,0
1556,0,11192,0,0,0,11042,10436,28751,0
1557,0,11159,0,0,11121,0,0,19208,0
1558,0,11129,0,0,0,0,0,38117,14241
1559,0,11040,0,11031,31802,43796,20195,12320,70193
1560,0,10995,10821,0,32377,0,20283,309619,16299
1561,0,10952,0,0,0,0,0,34425,0
1562,0,10879,0,12286,0,10118,0,0,0
1563,0,10743,0,0,0,0,0,0,0
1565,0,10445,0,0,0,0,0,0,0
1566,0,10370,0,0,0,0,0,32067,0
1567,0,10295,14528,0,10116,11939,0,0,10797
1568,0,10295,0,0,0,0,0,18690,0
1569,0,10264,0,0,0,0,0,0,0
1570,0,10260,0,10616,13942,13970,0,0,0
1571,0,10248,0,0,0,0,0,101635,0
1574,0,10193,0,0,55970,22993,18343,17439,11916
1575,0,10189,0,0,0,0,0,33211,0
1576,0,10121,0,0,0,0,0,0,0
1578,0,10070,19979,0,0,0,0,133295,0
1579,0,10039,11166,0,0,0,0,13499,0
1580,0,10007,0,0,0,0,0,204725,0
1581,0,82520,0,0,0,0,0,0,0
1584,0,43551,10345,17846,18085,16141,15480,0,0
1586,0,32921,0,0,0,0,0,0,0
1587,0,27113,23761,219155,64761,0,0,212334,21740
1588,0,25105,0,0,0,0,0,0,0
1589,0,24366,0,16006,13541,11099,10159,0,10623
1590,0,22609,0,0,0,0,0,0,0
1591,0,21781,0,0,0,0,0,0,0
1592,0,21393,0,0,0,0,0,0,0
1593,0,21371,10244,14220,14735,0,0,0,0
1594,0,21010,0,0,0,11589,0,0,0
1596,0,20225,20524,0,0,0,0,0,0
1598,0,19773,0,0,0,0,0,0,0
1599,0,18868,0,0,0,0,0,0,0
1601,0,18238,0,0,0,0,0,0,0
1602,0,17706,0,0,0,0,0,0,0
1605,0,15510,0,0,0,0,0,0,0
1606,0,15244,0,0,0,0,0,0,0
1607,0,14968,14260,0,0,0,0,15321,0
1608,0,14943,0,0,0,0,0,0,0
1609,0,14562,0,0,0,0,0,0,0
1611,0,14214,11199,0,0,0,0,0,0
1615,0,13872,0,0,0,0,0,0,0
1616,0,13772,0,0,0,0,0,0,0
1617,0,13771,0,0,0,0,0,0,0
1618,0,13674,0,0,0,0,0,0,0
1619,0,13128,0,0,0,0,0,0,0
1620,0,13012,0,0,0,70101,0,15921,0
1621,0,12737,0,0,0,0,0,0,0
1624,0,11970,0,0,0,0,0,0,0
1625,0,11828,0,0,0,0,0,0,0
1626,0,11755,0,0,0,0,0,0,0
1627,0,11650,0,11113,0,0,0,0,0
1628,0,11372,0,0,0,0,0,12130,0
1629,0,11284,0,0,0,0,0,0,0
1631,0,11058,0,0,0,0,0,0,0
1632,0,10425,0,0,0,0,0,0,0
1633,0,10323,0,13589,13794,10031,18826,0,0
1635,0,10305,0,0,0,0,0,0,0
1636,0,10206,0,0,0,0,0,0,0
1637,0,10166,0,0,0,0,0,0,0
1638,0,10151,0,0,0,10526,0,15665,0
1639,0,10088,0,15133,0,11592,0,12100,0
1640,0,10051,0,0,0,10990,0,0,0
1641,0,10027,0,20226,11549,33047,0,29089,0
1719,0,0,44371,0,0,0,0,0,0
1720,0,0,30478,0,0,0,0,0,0
1721,0,0,27060,0,0,0,0,15302,0
1722,0,0,24286,0,0,0,0,0,0
1723,0,0,22912,0,0,0,0,0,0
1724,0,0,22104,0,0,0,0,0,0
1725,0,0,23578,0,0,0,0,0,0
1726,0,0,19730,0,0,0,0,0,0
1727,0,0,20744,0,0,0,0,11826,0
1728,0,0,19309,0,0,0,0,13442,0
1729,0,0,23325,0,0,0,0,0,0
1730,0,0,25042,0,0,0,0,0,0
1731,0,0,17750,14913,20307,21406,0,0,11507
1732,0,0,16963,0,0,0,0,0,0
1733,0,0,16854,0,0,0,0,17205,0
1734,0,0,16712,0,0,0,0,0,0
1735,0,0,23470,0,0,0,0,0,0
1736,0,0,15588,0,0,0,0,0,0
1737,0,0,14296,0,0,0,0,0,0
1738,0,0,16687,0,0,0,0,0,0
1739,0,0,15492,0,0,0,0,0,0
1740,0,0,13326,0,0,0,0,0,0
1741,0,0,15661,0,0,0,0,0,0
1742,0,0,12779,0,0,0,0,0,0
1743,0,0,12626,0,0,0,0,0,0
1744,0,0,14803,0,0,0,0,0,0
1745,0,0,12512,0,0,0,0,0,0
1746,0,0,11927,0,0,0,0,0,0
1747,0,0,11832,0,0,0,0,0,0
1748,0,0,11638,0,0,0,0,0,0
1749,0,0,11547,0,0,0,0,0,0
1750,0,0,11541,0,21500,51301,28899,54915,0
1751,0,0,11434,0,0,0,0,0,0
1752,0,0,11289,0,0,0,0,0,0
1753,0,0,11529,0,0,0,0,0,0
1754,0,0,11251,0,0,0,0,0,0
1755,0,0,11810,0,0,0,0,0,0
1756,0,0,10895,0,0,0,0,0,0
1757,0,0,15197,0,0,0,0,0,0
1758,0,0,10706,0,0,0,0,0,0
1759,0,0,10609,0,0,0,0,0,0
1760,0,0,10552,0,0,0,0,0,0
1761,0,0,10465,0,0,0,0,0,0
1762,0,0,10272,0,0,0,0,10009,0
1763,0,0,10198,0,0,0,0,0,0
1764,0,0,10167,0,0,0,0,0,0
1765,0,0,10831,0,0,0,0,0,0
1766,0,0,26339,0,0,0,0,0,0
1767,0,0,23725,0,0,0,0,0,0
1768,0,0,19212,0,14970,0,14368,16380,0
1769,0,0,16431,0,0,0,0,0,0
1770,0,0,13415,0,0,0,0,0,0
1771,0,0,13338,0,0,0,0,14730,0
1772,0,0,12302,0,0,0,0,0,0
1773,0,0,12066,0,0,0,0,0,0
1774,0,0,12012,0,0,0,0,13502,0
1775,0,0,11495,0,0,0,0,34824,0
1776,0,0,11484,0,0,0,0,0,0
1777,0,0,11412,0,11044,0,10045,10905,0
1778,0,0,11410,0,0,0,0,19117,0
1779,0,0,11249,0,0,0,0,0,0
1780,0,0,10455,13199,0,0,0,0,0
1781,0,0,10298,0,0,0,0,0,0
1782,0,0,10021,11462,0,0,0,0,0
1783,0,0,95270,0,40399,0,0,0,0
1784,0,0,57791,0,0,0,0,15081,43519
1785,0,0,29464,0,0,0,0,13094,23498
1786,0,0,24774,23000,10611,11245,0,26028,23777
1787,0,0,23337,0,0,0,0,10557,17249
1788,0,0,20427,19443,106122,92417,0,17067,0
1789,0,0,19661,0,0,0,0,0,0
1790,0,0,17798,0,0,0,0,0,30242
1791,0,0,17122,0,0,0,0,0,16877
1792,0,0,16787,0,0,0,0,0,13600
1793,0,0,15152,0,0,0,0,0,14134
1794,0,0,15028,0,0,0,0,10650,12669
1795,0,0,14697,0,0,0,0,0,0
1796,0,0,14449,11717,10289,0,41657,28488,44233
1797,0,0,12723,0,0,0,0,0,14392
1798,0,0,11793,0,0,0,0,0,13971
1799,0,0,10871,0,0,0,0,0,0
1800,0,0,10758,0,0,0,0,0,0
1801,0,0,10452,0,0,0,0,0,0
1802,0,0,10402,0,0,0,0,0,0
1803,0,0,10162,0,0,0,0,0,0
1804,0,0,10040,0,0,0,0,0,0
1805,0,0,10022,0,0,0,0,0,0
1806,0,0,10018,0,0,0,0,0,0
1807,0,0,0,290073,389072,158683,448773,0,0
1808,0,0,0,211409,1236040,843108,387885,0,0
1809,0,0,0,177251,428059,427999,106645,0,0
1810,0,0,0,124545,80804,0,0,0,0
1811,0,0,0,106593,84202,99593,35134,0,0
1812,0,0,0,77787,75098,66257,28425,0,0
1813,0,0,0,74633,41958,0,0,0,0
1814,0,0,0,72902,61065,0,0,0,0
1815,0,0,0,71522,16108,31174,0,0,0
1816,0,0,0,61229,45970,0,0,0,0
1817,0,0,0,58364,137285,0,27103,0,0
1818,0,0,0,54049,0,0,0,0,0
1819,0,0,0,52548,32340,0,0,0,0
1820,0,0,0,52100,0,19007,0,0,0
1821,0,0,0,47593,17508,17554,25541,0,0
1822,0,0,0,43079,31115,0,0,0,0
1823,0,0,0,42010,61213,51739,23465,0,0
1824,0,0,0,41827,71720,85290,0,0,0
1825,0,0,0,39914,233951,175863,72153,0,0
1826,0,0,0,38851,0,0,0,0,0
1827,0,0,0,48134,16409,0,0,0,0
1828,0,0,0,37851,18115,23077,24447,0,0
1829,0,0,0,36551,13921,30842,16776,0,0
1830,0,0,0,33185,0,10297,0,0,0
1831,0,0,0,32415,0,0,0,0,0
1832,0,0,0,32041,39897,49145,36100,12881,29361
1833,0,0,0,31673,45033,0,17350,0,0
1834,0,0,0,31108,27509,0,0,0,0
1835,0,0,0,30472,19453,0,0,0,0
1836,0,0,0,29808,22167,23753,0,0,0
1837,0,0,0,29137,49222,29231,18685,0,0
1838,0,0,0,76699,73179,54188,16910,20578,69682
1839,0,0,0,28568,23342,10618,15639,0,0
1840,0,0,0,28429,33424,13056,0,33165,0
1841,0,0,0,27750,21633,0,0,0,0
1842,0,0,0,27686,0,0,0,0,0
1843,0,0,0,35920,13573,0,0,0,0
1844,0,0,0,25783,10457,14576,0,0,0
1845,0,0,0,24515,14071,15064,0,0,0
1846,0,0,0,29265,10766,0,0,0,0
1847,0,0,0,24041,34647,16224,0,31248,0
1848,0,0,0,23886,22824,24354,0,0,40419
1849,0,0,0,23556,106272,29351,0,0,0
1850,0,0,0,22627,13728,0,0,0,0
1851,0,0,0,21322,0,0,0,0,0
1852,0,0,0,21391,0,0,0,0,0
1853,0,0,0,20554,19248,46871,52395,16579,20868
1854,0,0,0,19658,20392,32280,0,0,0
1855,0,0,0,19616,30129,17252,0,0,0
1856,0,0,0,19590,15745,18695,0,0,0
1857,0,0,0,19371,11718,0,0,0,0
1858,0,0,0,19247,0,0,0,0,0
1859,0,0,0,18505,15719,19359,0,0,0
1860,0,0,0,58100,49210,55483,0,22256,63311
1861,0,0,0,18297,0,0,0,0,0
1862,0,0,0,18098,97173,82212,111607,0,0
1863,0,0,0,18009,0,0,0,0,0
1864,0,0,0,17456,36508,39675,0,0,0
1865,0,0,0,17319,47390,42287,0,0,0
1866,0,0,0,17226,21826,21399,21794,0,0
1867,0,0,0,17129,27678,27592,22030,10652,16101
1868,0,0,0,17009,10059,0,0,0,0
1869,0,0,0,16706,0,21644,0,0,0
1870,0,0,0,16699,0,0,0,0,0
1871,0,0,0,16586,18632,0,0,0,0
1872,0,0,0,16542,11975,14585,0,0,0
1873,0,0,0,16481,103749,0,0,0,0
1874,0,0,0,16460,142078,105779,0,0,0
1875,0,0,0,41827,71720,85290,0,0,0
1876,0,0,0,15956,12287,0,11174,15385,0
1877,0,0,0,15791,0,0,0,0,0
1878,0,0,0,15632,20551,0,0,0,0
1879,0,0,0,15607,10471,0,0,0,0
1880,0,0,0,15551,10771,0,11374,0,0
1881,0,0,0,15114,11066,0,0,0,0
1882,0,0,0,14925,28830,0,0,0,0
1883,0,0,0,14897,0,0,0,0,0
1884,0,0,0,14809,0,0,0,0,0
1885,0,0,0,14802,25690,19435,0,0,0
1886,0,0,0,14796,0,0,0,0,0
1887,0,0,0,14773,0,0,0,0,0
1888,0,0,0,14763,99631,135026,21735,0,0
1889,0,0,0,15518,0,0,0,0,0
1890,0,0,0,14606,12313,0,0,0,0
1891,0,0,0,14586,23611,12307,0,0,0
1892,0,0,0,14575,0,0,0,0,0
1893,0,0,0,14532,0,0,0,0,0
1894,0,0,0,14508,12012,12323,0,0,0
1895,0,0,0,14365,12393,27756,0,13976,0
1896,0,0,0,14270,19521,23076,22371,0,12219
1897,0,0,0,14246,11131,17642,18498,13327,10294
1898,0,0,0,14199,10313,10831,0,0,0
1899,0,0,0,14147,0,0,0,0,0
1900,0,0,0,14134,0,0,0,0,0
1901,0,0,0,14126,0,21357,13603,0,0
1902,0,0,0,13924,16077,11623,0,0,0
1903,0,0,0,13678,17914,0,25794,0,0
1904,0,0,0,13572,11883,10966,0,0,0
1905,0,0,0,13295,0,0,0,0,0
1906,0,0,0,13237,0,0,0,0,0
1907,0,0,0,13188,0,20105,19021,10749,0
1908,0,0,0,13127,0,0,0,0,0
1909,0,0,0,12886,0,0,0,0,0
1910,0,0,0,12870,0,0,0,0,0
1911,0,0,0,12829,0,0,0,0,0
1912,0,0,0,12802,0,0,0,0,0
1913,0,0,0,12761,0,0,0,0,0
1914,0,0,0,12558,105184,44934,43658,0,0
1915,0,0,0,12547,0,0,0,0,0
1916,0,0,0,13058,16721,0,0,0,0
1917,0,0,0,12211,0,0,0,0,0
1918,0,0,0,12208,0,0,0,0,0
1919,0,0,0,12108,271611,252657,67757,0,0
1920,0,0,0,17941,0,0,0,0,0
1921,0,0,0,11992,10200,0,0,0,0
1922,0,0,0,11851,0,0,0,0,0
1923,0,0,0,11788,77678,0,0,0,0
1924,0,0,0,11787,13976,13495,0,0,0
1925,0,0,0,11653,0,0,0,0,0
1926,0,0,0,11579,11005,19924,14842,0,0
1927,0,0,0,11437,19315,10888,19665,28979,0
1928,0,0,0,11372,19411,16842,11548,0,0
1929,0,0,0,11364,10145,72919,0,0,0
1930,0,0,0,11253,0,0,0,0,0
1931,0,0,0,11230,47351,0,0,0,0
1932,0,0,0,11226,0,0,0,0,0
1933,0,0,0,11195,0,0,0,0,0
1934,0,0,0,11147,0,0,0,0,0
1935,0,0,0,13111,0,0,0,0,0
1936,0,0,0,11088,0,0,0,0,0
1937,0,0,0,11051,10116,11750,11510,0,0
1938,0,0,0,11040,0,0,0,0,0
1939,0,0,0,11344,13234,35931,0,35192,10860
1940,0,0,0,10908,0,0,0,0,0
1941,0,0,0,10901,0,0,0,0,0
1942,0,0,0,10869,23343,21889,0,0,0
1943,0,0,0,10867,0,0,0,10238,0
1944,0,0,0,10779,12594,0,0,0,0
1945,0,0,0,10748,0,0,0,0,0
1946,0,0,0,10732,0,0,0,0,0
1947,0,0,0,101220,299360,371520,200597,0,0
1948,0,0,0,10705,22864,0,0,0,0
1949,0,0,0,10679,0,11102,15911,0,11236
1950,0,0,0,10602,0,0,0,0,0
1951,0,0,0,10593,0,0,12322,0,0
1952,0,0,0,10582,0,0,0,0,0
1953,0,0,0,10523,0,0,0,0,0
1954,0,0,0,11051,0,15998,0,0,0
1955,0,0,0,10416,10565,10416,0,0,0
1956,0,0,0,10338,0,16050,11946,0,0
1957,0,0,0,10310,0,0,0,0,0
1958,0,0,0,14587,53890,24813,0,15052,37104
1959,0,0,0,10213,0,0,0,0,0
1960,0,0,0,10192,0,0,0,0,0
1961,0,0,0,10175,0,0,0,0,0
1962,0,0,0,10142,34558,0,12748,17784,0
1963,0,0,0,10120,0,0,0,0,0
1964,0,0,0,14532,0,10931,0,0,0
1965,0,0,0,10062,0,0,0,0,0
1966,0,0,0,10034,0,0,0,0,35632
1967,0,0,0,10014,11668,0,0,0,0
1968,0,0,0,10012,15352,11502,0,0,0
1969,0,0,0,36088,27532,116172,21820,0,0
1970,0,0,0,30771,0,0,0,0,0
1971,0,0,0,24413,0,0,0,0,0
1972,0,0,0,21738,0,16048,0,0,0
1973,0,0,0,18232,0,0,0,0,0
1974,0,0,0,14649,0,0,0,0,0
1975,0,0,0,14505,0,0,0,0,0
1976,0,0,0,13784,0,0,0,0,0
1977,0,0,0,12927,0,0,0,0,0
1978,0,0,0,12502,0,0,0,0,0
1979,0,0,0,12494,42756,26250,14800,0,0
1980,0,0,0,12476,0,0,0,0,0
1981,0,0,0,12221,44992,29510,18497,0,0
1982,0,0,0,11475,0,0,0,0,0
1983,0,0,0,10783,0,0,18396,0,0
1984,0,0,0,10721,20286,29084,13242,0,0
1985,0,0,0,10413,0,11931,0,0,0
1986,0,0,0,10409,0,0,0,0,0
1987,0,0,0,10276,0,0,0,0,0
1988,0,0,0,10270,0,0,0,0,0
1989,0,0,0,123553,23040,14568,27570,0,11883
1990,0,0,0,49337,0,38941,31908,10648,0
1991,0,0,0,17082,0,0,0,15310,0
1992,0,0,0,14659,58428,95913,23218,0,0
1993,0,0,0,13844,0,0,0,0,0
1994,0,0,0,11878,10447,13623,0,11399,0
1995,0,0,0,11421,0,10638,0,0,17042
1996,0,0,0,11157,15569,20000,19310,25382,10049
1997,0,0,0,10793,0,0,0,0,0
1998,0,0,0,10668,0,0,0,12897,0
1999,0,0,0,10108,0,0,0,0,0
2000,0,0,0,10008,0,0,0,0,0
2001,0,0,0,0,99631,135026,21735,0,0
2002,0,0,0,0,61868,25418,0,0,0
2003,0,0,0,0,34949,18757,0,0,0
2004,0,0,0,0,97165,0,0,0,0
2005,0,0,0,0,29986,32117,0,0,0
2006,0,0,0,0,75331,0,0,0,0
2007,0,0,0,0,22462,25243,0,0,0
2008,0,0,0,0,21730,0,0,0,0
2009,0,0,0,0,18049,47676,21816,0,0
2010,0,0,0,0,42668,0,0,0,0
2011,0,0,0,0,37806,0,0,0,0
2012,0,0,0,0,15031,0,0,0,0
2013,0,0,0,0,47578,0,0,0,0
2014,0,0,0,0,14691,10224,0,0,0
2015,0,0,0,0,56456,0,0,0,0
2016,0,0,0,0,18883,24003,0,0,0
2017,0,0,0,0,43726,0,0,0,0
2018,0,0,0,0,12708,0,0,0,0
2019,0,0,0,0,12522,0,0,0,0
2020,0,0,0,0,12319,0,0,0,0
2021,0,0,0,0,12299,0,11591,18480,0
2022,0,0,0,0,12036,0,18215,0,0
2023,0,0,0,0,11933,0,0,0,0
2024,0,0,0,0,22288,0,0,0,0
2025,0,0,0,0,11809,0,0,0,0
2026,0,0,0,0,11791,0,0,0,0
2027,0,0,0,0,11315,0,0,0,0
2028,0,0,0,0,23526,0,0,0,0
2029,0,0,0,0,11247,0,0,0,0
2030,0,0,0,0,71431,48286,11875,0,0
2031,0,0,0,0,11053,16012,0,0,0
2032,0,0,0,0,11045,0,0,0,0
2033,0,0,0,0,10982,0,0,0,0
2034,0,0,0,0,12359,0,0,0,0
2035,0,0,0,0,10356,0,0,0,0
2036,0,0,0,0,10584,10502,0,0,0
2037,0,0,0,0,11188,12935,0,0,0
2038,0,0,0,0,10116,0,0,0,0
2039,0,0,0,0,1363318,1049496,0,0,0
2040,0,0,0,0,193202,111783,30870,0,0
2041,0,0,0,0,151663,85764,25918,0,0
2042,0,0,0,0,63166,0,0,0,0
2043,0,0,0,0,59884,35090,11494,0,0
2044,0,0,0,0,52158,0,0,0,13861
2045,0,0,0,0,40359,0,0,0,0
2046,0,0,0,0,39147,36690,0,0,0
2047,0,0,0,0,36795,0,0,0,0
2048,0,0,0,0,36149,26284,0,0,0
2049,0,0,0,0,33557,0,0,0,0
2050,0,0,0,0,32274,0,18398,0,0
2051,0,0,0,0,29205,0,0,0,0
2052,0,0,0,0,27853,0,0,0,0
2053,0,0,0,0,27847,0,0,0,0
2054,0,0,0,0,27289,20019,0,0,14162
2055,0,0,0,0,27078,17565,0,0,0
2056,0,0,0,0,26805,11215,13785,18809,0
2057,0,0,0,0,25906,0,0,0,0
2058,0,0,0,0,25886,0,10288,0,0
2059,0,0,0,0,25530,0,0,0,0
2060,0,0,0,0,24970,0,0,0,0
2061,0,0,0,0,24621,21245,0,0,0
2062,0,0,0,0,24359,0,0,0,0
2063,0,0,0,0,24241,0,22211,24375,0
2064,0,0,0,0,24116,0,0,0,0
2065,0,0,0,0,24092,0,0,14196,0
2066,0,0,0,0,23705,0,0,0,0
2067,0,0,0,0,23373,0,0,0,0
2068,0,0,0,0,23152,0,0,0,0
2069,0,0,0,0,22938,0,0,0,0
2070,0,0,0,0,22713,16681,0,0,0
2071,0,0,0,0,21922,17938,12755,0,0
2072,0,0,0,0,21907,0,0,0,0
2073,0,0,0,0,21713,13144,0,0,0
2074,0,0,0,0,21460,0,0,0,0
2075,0,0,0,0,21329,0,0,0,0
2076,0,0,0,0,20893,0,0,0,0
2077,0,0,0,0,20660,0,0,0,0
2078,0,0,0,0,20574,22658,0,0,0
2079,0,0,0,0,20242,12285,0,0,20345
2080,0,0,0,0,19991,21050,0,0,0
2081,0,0,0,0,18893,0,0,0,0
2082,0,0,0,0,18798,0,0,0,0
2083,0,0,0,0,18610,14821,0,0,0
2084,0,0,0,0,18335,0,0,0,0
2085,0,0,0,0,18033,0,0,0,0
2086,0,0,0,0,17658,0,0,0,0
2087,0,0,0,0,17635,10138,14905,0,0
2088,0,0,0,0,17491,0,0,0,0
2089,0,0,0,0,17424,0,0,0,0
2090,0,0,0,0,17402,0,0,0,0
2091,0,0,0,0,17353,13021,0,0,0
2092,0,0,0,0,17344,14946,0,0,0
2093,0,0,0,0,17343,21966,0,0,0
2094,0,0,0,0,17329,12323,0,0,0
2095,0,0,0,0,17259,0,0,0,0
2096,0,0,0,0,16945,0,0,18932,0
2097,0,0,0,0,16902,14709,0,0,0
2098,0,0,0,0,16841,0,10442,24606,0
2099,0,0,0,0,16732,15336,12107,0,0
2100,0,0,0,0,16226,0,0,0,0
2101,0,0,0,0,16112,10315,0,0,0
2102,0,0,0,0,16014,0,0,0,0
2103,0,0,0,0,15835,10969,0,0,0
2104,0,0,0,0,15143,0,0,0,0
2105,0,0,0,0,15010,0,0,0,0
2106,0,0,0,0,14892,0,0,0,0
2107,0,0,0,0,14811,16631,0,0,0
2108,0,0,0,0,14111,0,0,0,0
2109,0,0,0,0,14110,16565,0,0,0
2110,0,0,0,0,14080,0,0,0,0
2111,0,0,0,0,14017,0,0,0,0
2112,0,0,0,0,13972,0,0,0,0
2113,0,0,0,0,13950,0,0,0,0
2114,0,0,0,0,13943,0,0,0,0
2115,0,0,0,0,13855,10617,0,0,0
2116,0,0,0,0,13854,0,0,0,0
2117,0,0,0,0,13749,0,0,10587,0
2118,0,0,0,0,13664,0,11895,0,0
2119,0,0,0,0,13661,13555,0,0,0
2120,0,0,0,0,13524,0,0,0,0
2121,0,0,0,0,13284,11924,51170,0,0
2122,0,0,0,0,13274,0,0,0,0
2123,0,0,0,0,13224,0,0,0,0
2124,0,0,0,0,13105,0,0,0,15024
2125,0,0,0,0,13087,0,0,0,0
2126,0,0,0,0,39147,36690,0,0,0
2127,0,0,0,0,13018,12028,0,0,0
2128,0,0,0,0,13009,0,0,0,0
2129,0,0,0,0,12998,0,0,0,0
2130,0,0,0,0,18033,0,0,0,0
2131,0,0,0,0,12898,0,0,0,0
2132,0,0,0,0,12793,0,0,0,0
2133,0,0,0,0,12774,0,0,0,0
2134,0,0,0,0,12594,0,0,0,0
2135,0,0,0,0,12580,0,0,0,0
2136,0,0,0,0,12574,0,12379,0,0
2137,0,0,0,0,12533,17750,0,0,0
2138,0,0,0,0,12526,0,0,0,0
2139,0,0,0,0,12430,15129,0,0,12893
2140,0,0,0,0,12396,15415,10111,0,17058
2141,0,0,0,0,12388,15684,0,0,0
2142,0,0,0,0,12370,16079,0,0,17095
2143,0,0,0,0,12316,0,10106,0,0
2144,0,0,0,0,12166,0,0,0,0
2145,0,0,0,0,12122,0,0,0,0
2146,0,0,0,0,12119,11371,0,17675,0
2147,0,0,0,0,12053,10485,0,0,0
2148,0,0,0,0,12001,11145,0,0,0
2149,0,0,0,0,11933,0,0,0,0
2150,0,0,0,0,11882,0,0,10831,0
2151,0,0,0,0,11882,0,0,0,0
2152,0,0,0,0,11880,13200,0,0,0
2153,0,0,0,0,11872,11905,0,0,0
2154,0,0,0,0,11810,0,0,0,0
2155,0,0,0,0,11777,0,0,15496,0
2156,0,0,0,0,11747,0,10614,0,0
2157,0,0,0,0,11744,0,0,0,0
2158,0,0,0,0,11716,12846,0,0,0
2159,0,0,0,0,11666,0,0,0,0
2160,0,0,0,0,11655,0,0,0,0
2161,0,0,0,0,11619,0,0,0,0
2162,0,0,0,0,18893,0,0,0,0
2163,0,0,0,0,11537,0,0,0,0
2164,0,0,0,0,11531,0,0,0,0
2165,0,0,0,0,11496,0,0,0,0
2166,0,0,0,0,11389,0,0,0,0
2167,0,0,0,0,11376,0,0,0,0
2168,0,0,0,0,11355,0,23454,0,0
2169,0,0,0,0,11317,0,0,0,0
2170,0,0,0,0,11304,0,0,0,0
2171,0,0,0,0,11286,0,0,0,0
2172,0,0,0,0,11257,0,0,0,0
2173,0,0,0,0,11219,0,0,0,0
2174,0,0,0,0,11216,0,0,0,0
2175,0,0,0,0,11139,0,0,0,0
2176,0,0,0,0,11071,0,0,0,31569
2177,0,0,0,0,11056,0,0,0,0
2178,0,0,0,0,11016,0,0,0,0
2179,0,0,0,0,10996,0,0,0,0
2180,0,0,0,0,11216,0,0,0,0
2181,0,0,0,0,10970,0,0,0,0
2182,0,0,0,0,10943,0,0,0,0
2183,0,0,0,0,10931,0,0,0,0
2184,0,0,0,0,10881,0,0,0,0
2185,0,0,0,0,10848,11401,0,0,0
2186,0,0,0,0,10839,0,0,0,0
2187,0,0,0,0,10809,0,0,0,0
2188,0,0,0,0,11882,0,0,0,0
2189,0,0,0,0,10766,0,0,0,0
2190,0,0,0,0,10740,0,0,0,0
2191,0,0,0,0,10693,0,0,11090,0
2192,0,0,0,0,10688,0,0,0,0
2193,0,0,0,0,10642,0,0,0,0
2194,0,0,0,0,10632,0,0,12353,0
2195,0,0,0,0,10611,0,0,0,0
2196,0,0,0,0,10586,15999,0,0,0
2197,0,0,0,0,10561,0,0,0,0
2198,0,0,0,0,10516,0,0,0,0
2199,0,0,0,0,10470,0,0,0,0
2200,0,0,0,0,10463,0,0,0,0
2201,0,0,0,0,10448,0,0,0,0
2202,0,0,0,0,10437,0,0,0,0
2203,0,0,0,0,10429,0,0,31084,0
2204,0,0,0,0,10393,0,0,0,0
2205,0,0,0,0,10385,0,0,0,0
2206,0,0,0,0,10371,0,0,0,0
2207,0,0,0,0,10333,0,0,0,0
2208,0,0,0,0,10289,15867,15179,0,12128
2209,0,0,0,0,10287,36277,0,0,0
2210,0,0,0,0,10269,0,0,0,0
2211,0,0,0,0,10256,0,0,0,0
2212,0,0,0,0,10210,0,0,0,0
2213,0,0,0,0,10839,0,0,0,0
2214,0,0,0,0,10184,0,0,0,0
2215,0,0,0,0,10166,0,0,0,0
2216,0,0,0,0,10162,0,0,0,0
2217,0,0,0,0,10160,0,0,0,0
2218,0,0,0,0,10148,0,0,0,0
2219,0,0,0,0,10138,0,0,13595,0
2220,0,0,0,0,10113,0,0,0,0
2221,0,0,0,0,10105,16214,0,26950,0
2222,0,0,0,0,10087,0,0,0,0
2223,0,0,0,0,10081,0,0,0,0
2224,0,0,0,0,10069,0,0,0,0
2225,0,0,0,0,10056,0,0,0,0
2226,0,0,0,0,10027,0,0,0,0
2227,0,0,0,0,10027,0,0,0,0
2228,0,0,0,0,10001,0,31571,0,12622
2229,0,0,0,0,48452,0,0,0,0
2230,0,0,0,0,31575,34386,32967,0,0
2231,0,0,0,0,18117,18804,25291,12013,11591
2232,0,0,0,0,17495,0,16371,0,0
2233,0,0,0,0,17012,0,14455,0,0
2234,0,0,0,0,15583,0,16178,0,0
2235,0,0,0,0,13953,12111,0,0,0
2236,0,0,0,0,13596,10278,0,0,0
2237,0,0,0,0,12861,0,15679,0,10597
2238,0,0,0,0,12501,0,11736,0,0
2239,0,0,0,0,10569,0,0,13573,0
2240,0,0,0,0,10464,0,10419,0,0
2241,0,0,0,0,0,38301,0,0,0
2242,0,0,0,0,0,33989,21372,0,0
2243,0,0,0,0,0,33598,0,0,0
2244,0,0,0,0,0,24921,0,0,0
2245,0,0,0,0,0,24159,23645,0,0
2246,0,0,0,0,0,21050,0,0,0
2247,0,0,0,0,0,20460,0,0,11975
2248,0,0,0,0,0,33989,21372,0,0
2249,0,0,0,0,0,19322,0,0,0
2250,0,0,0,0,0,18628,0,0,0
2251,0,0,0,0,0,18274,0,0,0
2252,0,0,0,0,0,17512,0,0,0
2253,0,0,0,0,0,17082,15893,0,11681
2254,0,0,0,0,0,15717,0,22172,11980
2255,0,0,0,0,0,15703,0,0,0
2256,0,0,0,0,0,15129,0,0,0
2257,0,0,0,0,0,14667,14444,0,0
2258,0,0,0,0,0,14463,0,12908,0
2259,0,0,0,0,0,14330,22365,0,0
2260,0,0,0,0,0,13454,0,0,0
2261,0,0,0,0,0,13336,0,19100,0
2262,0,0,0,0,0,12742,0,0,0
2263,0,0,0,0,0,12573,0,0,0
2264,0,0,0,0,0,12189,0,0,0
2265,0,0,0,0,0,33598,0,0,0
2266,0,0,0,0,0,11597,17236,0,0
2267,0,0,0,0,0,11502,0,0,0
2268,0,0,0,0,0,11370,0,0,0
2269,0,0,0,0,0,11212,0,0,0
2270,0,0,0,0,0,11107,10058,0,0
2271,0,0,0,0,0,10788,0,0,0
2272,0,0,0,0,0,10746,0,0,0
2273,0,0,0,0,0,10642,0,0,0
2274,0,0,0,0,0,10634,27020,0,0
2275,0,0,0,0,0,10578,0,0,0
2276,0,0,0,0,0,10464,0,0,0
2277,0,0,0,0,0,10262,0,0,0
2278,0,0,0,0,0,10227,0,21243,0
2279,0,0,0,0,0,15060,0,21539,0
2280,0,0,0,0,0,10129,0,15527,0
2281,0,0,0,0,0,679804,371904,124795,410251
2282,0,0,0,0,0,289740,237034,57693,0
2283,0,0,0,0,0,24014,0,0,0
2284,0,0,0,0,0,17710,0,0,0
2285,0,0,0,0,0,15310,15221,0,0
2286,0,0,0,0,0,15176,11287,0,0
2287,0,0,0,0,0,12703,0,0,0
2288,0,0,0,0,0,34161,0,0,0
2289,0,0,0,0,0,11823,12384,0,0
2290,0,0,0,0,0,11743,0,0,0
2291,0,0,0,0,0,11742,0,0,0
2292,0,0,0,0,0,11053,0,0,0
2293,0,0,0,0,0,10914,0,0,0
2294,0,0,0,0,0,10401,0,0,17402
2295,0,0,0,0,0,33586,31052,0,0
2296,0,0,0,0,0,25670,24180,0,12375
2297,0,0,0,0,0,23781,0,0,0
2298,0,0,0,0,0,17242,0,0,0
2299,0,0,0,0,0,16160,0,0,0
2300,0,0,0,0,0,15175,0,15130,0
2301,0,0,0,0,0,13751,0,22690,0
2302,0,0,0,0,0,13337,0,29804,0
2303,0,0,0,0,0,12928,0,0,0
2304,0,0,0,0,0,12799,0,103808,23566
2305,0,0,0,0,0,11747,0,18936,0
2306,0,0,0,0,0,11475,0,0,0
2307,0,0,0,0,0,11406,0,0,0
2308,0,0,0,0,0,11042,0,0,0
2309,0,0,0,0,0,10973,0,0,0
2310,0,0,0,0,0,10719,0,11264,0
2311,0,0,0,0,0,10597,0,0,0
2312,0,0,0,0,0,10493,0,0,0
2313,0,0,0,0,0,10063,0,0,0
2314,0,0,0,0,0,0,32836,0,0
2315,0,0,0,0,0,0,24580,0,0
2316,0,0,0,0,0,0,11189,0,0
2317,0,0,0,0,0,0,10193,0,0
2318,0,0,0,0,0,0,36699,0,0
2319,0,0,0,0,0,0,35105,0,0
2320,0,0,0,0,0,0,31536,0,0
2321,0,0,0,0,0,0,22482,0,0
2322,0,0,0,0,0,0,22472,0,0
2323,0,0,0,0,0,0,19490,0,0
2324,0,0,0,0,0,0,17925,0,0
2325,0,0,0,0,0,0,17821,0,0
2326,0,0,0,0,0,0,16333,0,0
2327,0,0,0,0,0,0,16144,0,0
2328,0,0,0,0,0,0,16131,0,0
2329,0,0,0,0,0,0,15910,0,0
2330,0,0,0,0,0,0,14247,0,0
2331,0,0,0,0,0,0,14165,0,0
2332,0,0,0,0,0,0,13637,0,0
2333,0,0,0,0,0,0,13480,0,0
2334,0,0,0,0,0,0,13230,0,0
2335,0,0,0,0,0,0,13189,0,0
2336,0,0,0,0,0,0,13170,0,0
2337,0,0,0,0,0,0,12625,0,0
2338,0,0,0,0,0,0,10671,0,0
2339,0,0,0,0,0,0,10666,0,0
2340,0,0,0,0,0,0,10239,0,0
2341,0,0,0,0,0,0,10015,0,0
2342,0,0,0,0,0,0,27246,0,0
2343,0,0,0,0,0,0,19269,0,0
2344,0,0,0,0,0,0,15289,0,0
2345,0,0,0,0,0,0,13708,0,0
2346,0,0,0,0,0,0,13487,0,0
2347,0,0,0,0,0,0,12086,0,0
2348,0,0,0,0,0,0,11852,0,0
2349,0,0,0,0,0,0,10635,0,0
2350,0,0,0,0,0,0,10628,0,0
2351,0,0,0,0,0,0,0,497266,86672
2352,0,0,0,0,0,0,0,416450,0
2353,0,0,0,0,0,0,0,217241,0
2354,0,0,0,0,0,0,0,216688,0
2355,0,0,0,0,0,0,0,157250,0
2356,0,0,0,0,0,0,0,111816,0
2357,0,0,0,0,0,0,0,101093,0
2358,0,0,0,0,0,0,0,83154,0
2359,0,0,0,0,0,0,0,75095,0
2360,0,0,0,0,0,0,0,88928,0
2361,0,0,0,0,0,0,0,63150,14201
2362,0,0,0,0,0,0,0,62768,13897
2363,0,0,0,0,0,0,0,57160,13030
2364,0,0,0,0,0,0,0,55559,0
2365,0,0,0,0,0,0,0,55399,0
2366,0,0,0,0,0,0,0,65768,0
2367,0,0,0,0,0,0,0,50496,0
2368,0,0,0,0,0,0,0,45853,0
2369,0,0,0,0,0,0,0,50708,0
2370,0,0,0,0,0,0,0,44134,0
2371,0,0,0,0,0,0,0,41147,28133
2372,0,0,0,0,0,0,0,40724,0
2373,0,0,0,0,0,0,0,57567,0
2374,0,0,0,0,0,0,0,39429,0
2375,0,0,0,0,0,0,0,39018,0
2376,0,0,0,0,0,0,0,38624,0
2377,0,0,0,0,0,0,0,38365,0
2378,0,0,0,0,0,0,0,36622,0
2379,0,0,0,0,0,0,0,34311,0
2380,0,0,0,0,0,0,0,41221,0
2381,0,0,0,0,0,0,0,33622,0
2382,0,0,0,0,0,0,0,33612,0
2383,0,0,0,0,0,0,0,33172,0
2384,0,0,0,0,0,0,0,31787,0
2385,0,0,0,0,0,0,0,30611,10471
2386,0,0,0,0,0,0,0,30368,15165
2387,0,0,0,0,0,0,0,30195,0
2388,0,0,0,0,0,0,0,29680,0
2389,0,0,0,0,0,0,0,29551,0
2390,0,0,0,0,0,0,0,28895,0
2391,0,0,0,0,0,0,0,28509,0
2392,0,0,0,0,0,0,0,28481,0
2393,0,0,0,0,0,0,0,27758,0
2394,0,0,0,0,0,0,0,30033,0
2395,0,0,0,0,0,0,0,27423,0
2396,0,0,0,0,0,0,0,38951,0
2397,0,0,0,0,0,0,0,27153,0
2398,0,0,0,0,0,0,0,26429,15258
2399,0,0,0,0,0,0,0,26160,21929
2400,0,0,0,0,0,0,0,26129,0
2401,0,0,0,0,0,0,0,34565,0
2402,0,0,0,0,0,0,0,25369,0
2403,0,0,0,0,0,0,0,25177,114335
2404,0,0,0,0,0,0,0,25120,0
2405,0,0,0,0,0,0,0,34836,0
2406,0,0,0,0,0,0,0,24896,0
2407,0,0,0,0,0,0,0,24651,0
2408,0,0,0,0,0,0,0,24108,0
2409,0,0,0,0,0,0,0,27153,0
2410,0,0,0,0,0,0,0,23634,0
2411,0,0,0,0,0,0,0,25571,0
2412,0,0,0,0,0,0,0,23486,0
2413,0,0,0,0,0,0,0,23403,0
2414,0,0,0,0,0,0,0,22886,21244
2415,0,0,0,0,0,0,0,22766,0
2416,0,0,0,0,0,0,0,22682,10700
2417,0,0,0,0,0,0,0,22445,0
2418,0,0,0,0,0,0,0,22199,0
2419,0,0,0,0,0,0,0,22025,0
2420,0,0,0,0,0,0,0,21868,18353
2421,0,0,0,0,0,0,0,21750,0
2422,0,0,0,0,0,0,0,21426,0
2423,0,0,0,0,0,0,0,21385,0
2424,0,0,0,0,0,0,0,21362,0
2425,0,0,0,0,0,0,0,20973,0
2426,0,0,0,0,0,0,0,20660,14834
2427,0,0,0,0,0,0,0,20640,17476
2428,0,0,0,0,0,0,0,20616,0
2429,0,0,0,0,0,0,0,20598,0
2430,0,0,0,0,0,0,0,20580,0
2431,0,0,0,0,0,0,0,25394,0
2432,0,0,0,0,0,0,0,20438,0
2433,0,0,0,0,0,0,0,20324,0
2434,0,0,0,0,0,0,0,36288,0
2435,0,0,0,0,0,0,0,20252,12703
2436,0,0,0,0,0,0,0,20211,0
2437,0,0,0,0,0,0,0,39018,0
2438,0,0,0,0,0,0,0,20016,0
2439,0,0,0,0,0,0,0,20015,0
2440,0,0,0,0,0,0,0,19914,0
2441,0,0,0,0,0,0,0,19862,0
2442,0,0,0,0,0,0,0,20121,0
2443,0,0,0,0,0,0,0,19328,11342
2444,0,0,0,0,0,0,0,19248,0
2445,0,0,0,0,0,0,0,19246,0
2446,0,0,0,0,0,0,0,19239,0
2447,0,0,0,0,0,0,0,19225,0
2448,0,0,0,0,0,0,0,19095,0
2449,0,0,0,0,0,0,0,21929,16709
2450,0,0,0,0,0,0,0,18988,0
2451,0,0,0,0,0,0,0,20073,0
2452,0,0,0,0,0,0,0,18759,0
2453,0,0,0,0,0,0,0,18689,0
2454,0,0,0,0,0,0,0,18664,0
2455,0,0,0,0,0,0,0,18624,0
2456,0,0,0,0,0,0,0,18506,0
2457,0,0,0,0,0,0,0,30625,0
2458,0,0,0,0,0,0,0,19859,0
2459,0,0,0,0,0,0,0,18232,0
2460,0,0,0,0,0,0,0,18211,0
2461,0,0,0,0,0,0,0,24071,0
2462,0,0,0,0,0,0,0,18972,0
2463,0,0,0,0,0,0,0,131305,0
2464,0,0,0,0,0,0,0,18066,0
2465,0,0,0,0,0,0,0,18057,0
2466,0,0,0,0,0,0,0,23485,0
2467,0,0,0,0,0,0,0,24036,0
2468,0,0,0,0,0,0,0,17756,0
2469,0,0,0,0,0,0,0,17701,0
2470,0,0,0,0,0,0,0,17674,0
2471,0,0,0,0,0,0,0,17576,12188
2472,0,0,0,0,0,0,0,17385,0
2473,0,0,0,0,0,0,0,17158,0
2474,0,0,0,0,0,0,0,17137,14505
2475,0,0,0,0,0,0,0,17273,10521
2476,0,0,0,0,0,0,0,16941,13901
2477,0,0,0,0,0,0,0,17483,0
2478,0,0,0,0,0,0,0,16846,0
2479,0,0,0,0,0,0,0,16841,0
2480,0,0,0,0,0,0,0,16806,0
2481,0,0,0,0,0,0,0,16733,0
2482,0,0,0,0,0,0,0,18335,10048
2483,0,0,0,0,0,0,0,16483,0
2484,0,0,0,0,0,0,0,16322,0
2485,0,0,0,0,0,0,0,16320,72335
2486,0,0,0,0,0,0,0,16316,0
2487,0,0,0,0,0,0,0,16311,0
2488,0,0,0,0,0,0,0,16298,0
2489,0,0,0,0,0,0,0,16141,10983
2490,0,0,0,0,0,0,0,16086,0
2491,0,0,0,0,0,0,0,19328,0
2492,0,0,0,0,0,0,0,15729,0
2493,0,0,0,0,0,0,0,15700,0
2494,0,0,0,0,0,0,0,15647,0
2495,0,0,0,0,0,0,0,15609,0
2496,0,0,0,0,0,0,0,15524,0
2497,0,0,0,0,0,0,0,15452,0
2498,0,0,0,0,0,0,0,15294,0
2499,0,0,0,0,0,0,0,15284,0
2500,0,0,0,0,0,0,0,15233,13679
2501,0,0,0,0,0,0,0,17831,0
2502,0,0,0,0,0,0,0,24244,0
2503,0,0,0,0,0,0,0,15189,0
2504,0,0,0,0,0,0,0,15177,0
2505,0,0,0,0,0,0,0,15101,0
2506,0,0,0,0,0,0,0,15092,0
2507,0,0,0,0,0,0,0,15061,0
2508,0,0,0,0,0,0,0,15022,0
2509,0,0,0,0,0,0,0,15014,0
2510,0,0,0,0,0,0,0,14968,0
2511,0,0,0,0,0,0,0,14895,0
2512,0,0,0,0,0,0,0,17396,0
2513,0,0,0,0,0,0,0,26565,0
2514,0,0,0,0,0,0,0,14787,0
2515,0,0,0,0,0,0,0,14739,0
2516,0,0,0,0,0,0,0,14700,0
2517,0,0,0,0,0,0,0,14688,0
2518,0,0,0,0,0,0,0,14608,0
2519,0,0,0,0,0,0,0,14515,0
2520,0,0,0,0,0,0,0,14508,0
2521,0,0,0,0,0,0,0,14369,0
2522,0,0,0,0,0,0,0,14249,0
2523,0,0,0,0,0,0,0,14122,0
2524,0,0,0,0,0,0,0,14119,0
2525,0,0,0,0,0,0,0,16410,0
2526,0,0,0,0,0,0,0,13948,0
2527,0,0,0,0,0,0,0,13917,0
2528,0,0,0,0,0,0,0,13843,0
2529,0,0,0,0,0,0,0,13813,0
2530,0,0,0,0,0,0,0,13759,0
2531,0,0,0,0,0,0,0,13682,0
2532,0,0,0,0,0,0,0,13647,0
2533,0,0,0,0,0,0,0,13599,0
2534,0,0,0,0,0,0,0,13582,28504
2535,0,0,0,0,0,0,0,20609,0
2536,0,0,0,0,0,0,0,14597,0
2537,0,0,0,0,0,0,0,13474,0
2538,0,0,0,0,0,0,0,13453,0
2539,0,0,0,0,0,0,0,13403,0
2540,0,0,0,0,0,0,0,13395,0
2541,0,0,0,0,0,0,0,13367,0
2542,0,0,0,0,0,0,0,13356,0
2543,0,0,0,0,0,0,0,13346,0
2544,0,0,0,0,0,0,0,19985,0
2545,0,0,0,0,0,0,0,13334,0
2546,0,0,0,0,0,0,0,13299,0
2547,0,0,0,0,0,0,0,13298,0
2548,0,0,0,0,0,0,0,13295,0
2549,0,0,0,0,0,0,0,13292,0
2550,0,0,0,0,0,0,0,13279,0
2551,0,0,0,0,0,0,0,13227,0
2552,0,0,0,0,0,0,0,30191,0
2553,0,0,0,0,0,0,0,13210,0
2554,0,0,0,0,0,0,0,13199,0
2555,0,0,0,0,0,0,0,15501,0
2556,0,0,0,0,0,0,0,13184,0
2557,0,0,0,0,0,0,0,24478,0
2558,0,0,0,0,0,0,0,13145,0
2559,0,0,0,0,0,0,0,18723,0
2560,0,0,0,0,0,0,0,12959,0
2561,0,0,0,0,0,0,0,21369,0
2562,0,0,0,0,0,0,0,12859,0
2563,0,0,0,0,0,0,0,12856,0
2564,0,0,0,0,0,0,0,12843,28143
2565,0,0,0,0,0,0,0,12778,0
2566,0,0,0,0,0,0,0,12761,0
2567,0,0,0,0,0,0,0,13563,0
2568,0,0,0,0,0,0,0,12713,0
2569,0,0,0,0,0,0,0,14437,0
2570,0,0,0,0,0,0,0,12691,0
2571,0,0,0,0,0,0,0,12664,0
2572,0,0,0,0,0,0,0,12658,0
2573,0,0,0,0,0,0,0,12648,0
2574,0,0,0,0,0,0,0,12636,0
2575,0,0,0,0,0,0,0,12897,0
2576,0,0,0,0,0,0,0,12629,0
2577,0,0,0,0,0,0,0,26401,0
2578,0,0,0,0,0,0,0,12583,0
2579,0,0,0,0,0,0,0,12550,0
2580,0,0,0,0,0,0,0,12497,0
2581,0,0,0,0,0,0,0,14489,0
2582,0,0,0,0,0,0,0,12483,0
2583,0,0,0,0,0,0,0,17159,0
2584,0,0,0,0,0,0,0,12384,0
2585,0,0,0,0,0,0,0,12377,0
2586,0,0,0,0,0,0,0,12358,0
2587,0,0,0,0,0,0,0,12350,0
2588,0,0,0,0,0,0,0,12903,0
2589,0,0,0,0,0,0,0,12342,0
2590,0,0,0,0,0,0,0,12307,0
2591,0,0,0,0,0,0,0,12113,0
2592,0,0,0,0,0,0,0,16470,0
2593,0,0,0,0,0,0,0,11978,12892
2594,0,0,0,0,0,0,0,11973,0
2595,0,0,0,0,0,0,0,11946,0
2596,0,0,0,0,0,0,0,11907,0
2597,0,0,0,0,0,0,0,12401,0
2598,0,0,0,0,0,0,0,11894,0
2599,0,0,0,0,0,0,0,11872,0
2600,0,0,0,0,0,0,0,11868,0
2601,0,0,0,0,0,0,0,12198,0
2602,0,0,0,0,0,0,0,15443,0
2603,0,0,0,0,0,0,0,11829,0
2604,0,0,0,0,0,0,0,11823,0
2605,0,0,0,0,0,0,0,11817,0
2606,0,0,0,0,0,0,0,11803,0
2607,0,0,0,0,0,0,0,11780,0
2608,0,0,0,0,0,0,0,13317,0
2609,0,0,0,0,0,0,0,11760,0
2610,0,0,0,0,0,0,0,11732,0
2611,0,0,0,0,0,0,0,29278,0
2612,0,0,0,0,0,0,0,11762,0
2613,0,0,0,0,0,0,0,11631,0
2614,0,0,0,0,0,0,0,11628,0
2615,0,0,0,0,0,0,0,11548,0
2616,0,0,0,0,0,0,0,11545,0
2617,0,0,0,0,0,0,0,11544,0
2618,0,0,0,0,0,0,0,11494,0
2619,0,0,0,0,0,0,0,11490,0
2620,0,0,0,0,0,0,0,11484,85374
2621,0,0,0,0,0,0,0,14368,0
2622,0,0,0,0,0,0,0,11440,0
2623,0,0,0,0,0,0,0,11409,0
2624,0,0,0,0,0,0,0,17376,0
2625,0,0,0,0,0,0,0,11346,0
2626,0,0,0,0,0,0,0,11337,39655
2627,0,0,0,0,0,0,0,11331,0
2628,0,0,0,0,0,0,0,11327,0
2629,0,0,0,0,0,0,0,12113,0
2630,0,0,0,0,0,0,0,13141,0
2631,0,0,0,0,0,0,0,11294,0
2632,0,0,0,0,0,0,0,11291,0
2633,0,0,0,0,0,0,0,11850,0
2634,0,0,0,0,0,0,0,11218,0
2635,0,0,0,0,0,0,0,11196,0
2636,0,0,0,0,0,0,0,11183,0
2637,0,0,0,0,0,0,0,11180,0
2638,0,0,0,0,0,0,0,11178,0
2639,0,0,0,0,0,0,0,14154,0
2640,0,0,0,0,0,0,0,11100,17831
2641,0,0,0,0,0,0,0,11088,0
2642,0,0,0,0,0,0,0,10806,0
2643,0,0,0,0,0,0,0,11165,0
2644,0,0,0,0,0,0,0,10778,0
2645,0,0,0,0,0,0,0,10774,0
2646,0,0,0,0,0,0,0,10733,0
2647,0,0,0,0,0,0,0,10701,0
2648,0,0,0,0,0,0,0,12246,0
2649,0,0,0,0,0,0,0,13992,0
2650,0,0,0,0,0,0,0,10661,0
2651,0,0,0,0,0,0,0,10657,0
2652,0,0,0,0,0,0,0,13464,0
2653,0,0,0,0,0,0,0,10578,0
2654,0,0,0,0,0,0,0,10907,0
2655,0,0,0,0,0,0,0,10511,0
2656,0,0,0,0,0,0,0,10505,0
2657,0,0,0,0,0,0,0,10505,0
2658,0,0,0,0,0,0,0,10495,0
2659,0,0,0,0,0,0,0,10487,0
2660,0,0,0,0,0,0,0,11680,0
2661,0,0,0,0,0,0,0,10455,0
2662,0,0,0,0,0,0,0,13013,0
2663,0,0,0,0,0,0,0,10428,0
2664,0,0,0,0,0,0,0,10396,0
2665,0,0,0,0,0,0,0,10384,0
2666,0,0,0,0,0,0,0,10382,0
2667,0,0,0,0,0,0,0,10345,0
2668,0,0,0,0,0,0,0,10318,0
2669,0,0,0,0,0,0,0,10317,0
2670,0,0,0,0,0,0,0,10312,0
2671,0,0,0,0,0,0,0,10253,0
2672,0,0,0,0,0,0,0,10234,0
2673,0,0,0,0,0,0,0,10218,0
2674,0,0,0,0,0,0,0,10207,0
2675,0,0,0,0,0,0,0,10202,0
2676,0,0,0,0,0,0,0,10197,0
2677,0,0,0,0,0,0,0,10181,0
2678,0,0,0,0,0,0,0,10170,0
2679,0,0,0,0,0,0,0,10153,0
2680,0,0,0,0,0,0,0,10136,0
2681,0,0,0,0,0,0,0,10124,0
2682,0,0,0,0,0,0,0,10116,0
2683,0,0,0,0,0,0,0,11504,0
2684,0,0,0,0,0,0,0,10106,0
2685,0,0,0,0,0,0,0,10106,0
2686,0,0,0,0,0,0,0,10057,0
2687,0,0,0,0,0,0,0,10019,0
2688,0,0,0,0,0,0,0,10018,0
2689,0,0,0,0,0,0,0,10980,0
2690,0,0,0,0,0,0,0,107348,18925
2691,0,0,0,0,0,0,0,103349,0
2692,0,0,0,0,0,0,0,49550,17615
2693,0,0,0,0,0,0,0,45469,0
2694,0,0,0,0,0,0,0,34422,0
2695,0,0,0,0,0,0,0,33550,10080
2696,0,0,0,0,0,0,0,33297,0
2697,0,0,0,0,0,0,0,32580,0
2698,0,0,0,0,0,0,0,32304,0
2699,0,0,0,0,0,0,0,30529,0
2700,0,0,0,0,0,0,0,29297,0
2701,0,0,0,0,0,0,0,28761,0
2702,0,0,0,0,0,0,0,27623,0
2703,0,0,0,0,0,0,0,23201,0
2704,0,0,0,0,0,0,0,22286,0
2705,0,0,0,0,0,0,0,21683,0
2706,0,0,0,0,0,0,0,20205,0
2707,0,0,0,0,0,0,0,19801,0
2708,0,0,0,0,0,0,0,19639,0
2709,0,0,0,0,0,0,0,19440,0
2710,0,0,0,0,0,0,0,18097,0
2711,0,0,0,0,0,0,0,17528,0
2712,0,0,0,0,0,0,0,17385,0
2713,0,0,0,0,0,0,0,17285,0
2714,0,0,0,0,0,0,0,16819,0
2715,0,0,0,0,0,0,0,16633,0
2716,0,0,0,0,0,0,0,16494,0
2717,0,0,0,0,0,0,0,16445,0
2718,0,0,0,0,0,0,0,16045,0
2719,0,0,0,0,0,0,0,15695,0
2720,0,0,0,0,0,0,0,15491,0
2721,0,0,0,0,0,0,0,15426,0
2722,0,0,0,0,0,0,0,15425,0
2723,0,0,0,0,0,0,0,15059,0
2724,0,0,0,0,0,0,0,15055,0
2725,0,0,0,0,0,0,0,14639,0
2726,0,0,0,0,0,0,0,14624,0
2727,0,0,0,0,0,0,0,14596,0
2728,0,0,0,0,0,0,0,14389,0
2729,0,0,0,0,0,0,0,14285,0
2730,0,0,0,0,0,0,0,14250,0
2731,0,0,0,0,0,0,0,14190,0
2732,0,0,0,0,0,0,0,13567,0
2733,0,0,0,0,0,0,0,13429,0
2734,0,0,0,0,0,0,0,13296,0
2735,0,0,0,0,0,0,0,13238,10001
2736,0,0,0,0,0,0,0,13220,13257
2737,0,0,0,0,0,0,0,12974,0
2738,0,0,0,0,0,0,0,12932,0
2739,0,0,0,0,0,0,0,12802,0
2740,0,0,0,0,0,0,0,12713,0
2741,0,0,0,0,0,0,0,12664,0
2742,0,0,0,0,0,0,0,12630,0
2743,0,0,0,0,0,0,0,12580,10583
2744,0,0,0,0,0,0,0,12554,0
2745,0,0,0,0,0,0,0,12418,0
2746,0,0,0,0,0,0,0,12405,0
2747,0,0,0,0,0,0,0,12371,0
2748,0,0,0,0,0,0,0,12340,0
2749,0,0,0,0,0,0,0,12308,0
2750,0,0,0,0,0,0,0,12267,0
2751,0,0,0,0,0,0,0,12112,0
2752,0,0,0,0,0,0,0,12008,0
2753,0,0,0,0,0,0,0,11941,0
2754,0,0,0,0,0,0,0,11891,0
2755,0,0,0,0,0,0,0,11891,0
2756,0,0,0,0,0,0,0,11849,0
2757,0,0,0,0,0,0,0,11832,0
2758,0,0,0,0,0,0,0,11824,0
2759,0,0,0,0,0,0,0,11660,0
2760,0,0,0,0,0,0,0,11645,0
2761,0,0,0,0,0,0,0,11645,0
2762,0,0,0,0,0,0,0,11563,0
2763,0,0,0,0,0,0,0,11490,0
2764,0,0,0,0,0,0,0,11479,0
2765,0,0,0,0,0,0,0,11421,0
2766,0,0,0,0,0,0,0,11420,0
2767,0,0,0,0,0,0,0,11383,0
2768,0,0,0,0,0,0,0,11372,0
2769,0,0,0,0,0,0,0,11324,0
2770,0,0,0,0,0,0,0,11261,0
2771,0,0,0,0,0,0,0,11237,0
2772,0,0,0,0,0,0,0,11213,0
2773,0,0,0,0,0,0,0,11053,0
2774,0,0,0,0,0,0,0,11004,0
2775,0,0,0,0,0,0,0,10965,0
2776,0,0,0,0,0,0,0,10940,0
2777,0,0,0,0,0,0,0,10891,0
2778,0,0,0,0,0,0,0,10882,0
2779,0,0,0,0,0,0,0,10882,0
2780,0,0,0,0,0,0,0,10769,0
2781,0,0,0,0,0,0,0,10685,0
2782,0,0,0,0,0,0,0,10677,0
2783,0,0,0,0,0,0,0,10669,0
2784,0,0,0,0,0,0,0,10588,0
2785,0,0,0,0,0,0,0,10465,0
2786,0,0,0,0,0,0,0,10345,0
2787,0,0,0,0,0,0,0,10330,0
2788,0,0,0,0,0,0,0,10321,0
2789,0,0,0,0,0,0,0,10281,0
2790,0,0,0,0,0,0,0,10231,0
2791,0,0,0,0,0,0,0,10218,0
2792,0,0,0,0,0,0,0,10161,0
2793,0,0,0,0,0,0,0,10155,0
2794,0,0,0,0,0,0,0,10154,0
2795,0,0,0,0,0,0,0,10145,0
2796,0,0,0,0,0,0,0,10125,0
2797,0,0,0,0,0,0,0,10054,0
2798,0,0,0,0,0,0,0,59886,37577
2799,0,0,0,0,0,0,0,23228,15964
2800,0,0,0,0,0,0,0,17565,0
2801,0,0,0,0,0,0,0,15139,10786
2802,0,0,0,0,0,0,0,12961,12253
2803,0,0,0,0,0,0,0,11850,0
2804,0,0,0,0,0,0,0,11718,11340
2805,0,0,0,0,0,0,0,11318,0
2806,0,0,0,0,0,0,0,11222,0
2807,0,0,0,0,0,0,0,10755,0
2808,0,0,0,0,0,0,0,10506,0
2809,0,0,0,0,0,0,0,10433,0
2810,0,0,0,0,0,0,0,10417,0
2811,0,0,0,0,0,0,0,10282,0
2812,0,0,0,0,0,0,0,10044,0
2813,0,0,0,0,0,0,0,0,539621
2814,0,0,0,0,0,0,0,0,403509
2815,0,0,0,0,0,0,0,0,422814
2816,0,0,0,0,0,0,0,0,371310
2817,0,0,0,0,0,0,0,0,556251
2818,0,0,0,0,0,0,0,0,308547
2819,0,0,0,0,0,0,0,0,266818
2820,0,0,0,0,0,0,0,0,294632
2821,0,0,0,0,0,0,0,0,251091
2822,0,0,0,0,0,0,0,0,226393
2823,0,0,0,0,0,0,0,0,190181
2824,0,0,0,0,0,0,0,0,366805
2825,0,0,0,0,0,0,0,0,282477
2826,0,0,0,0,0,0,0,0,181058
2827,0,0,0,0,0,0,0,0,164807
2828,0,0,0,0,0,0,0,0,151210
2829,0,0,0,0,0,0,0,0,150045
2830,0,0,0,0,0,0,0,0,147982
2831,0,0,0,0,0,0,0,0,204176
2832,0,0,0,0,0,0,0,0,144487
2833,0,0,0,0,0,0,0,0,178575
2834,0,0,0,0,0,0,0,0,135143
2835,0,0,0,0,0,0,0,0,134922
2836,0,0,0,0,0,0,0,0,134096
2837,0,0,0,0,0,0,0,0,123452
2838,0,0,0,0,0,0,0,0,121042
2839,0,0,0,0,0,0,0,0,116799
2840,0,0,0,0,0,0,0,0,111342
2841,0,0,0,0,0,0,0,0,107561
2842,0,0,0,0,0,0,0,0,103987
2843,0,0,0,0,0,0,0,0,96679
2844,0,0,0,0,0,0,0,0,93725
2845,0,0,0,0,0,0,0,0,83324
2846,0,0,0,0,0,0,0,0,82999
2847,0,0,0,0,0,0,0,0,81602
2848,0,0,0,0,0,0,0,0,74660
2849,0,0,0,0,0,0,0,0,109032
2850,0,0,0,0,0,0,0,0,64159
2851,0,0,0,0,0,0,0,0,63555
2852,0,0,0,0,0,0,0,0,62045
2853,0,0,0,0,0,0,0,0,60728
2854,0,0,0,0,0,0,0,0,58190
2855,0,0,0,0,0,0,0,0,81977
2856,0,0,0,0,0,0,0,0,56849
2857,0,0,0,0,0,0,0,0,53931
2858,0,0,0,0,0,0,0,0,52417
2859,0,0,0,0,0,0,0,0,50273
2860,0,0,0,0,0,0,0,0,48877
2861,0,0,0,0,0,0,0,0,58573
2862,0,0,0,0,0,0,0,0,47485
2863,0,0,0,0,0,0,0,0,47482
2864,0,0,0,0,0,0,0,0,45712
2865,0,0,0,0,0,0,0,0,44457
2866,0,0,0,0,0,0,0,0,44366
2867,0,0,0,0,0,0,0,0,44189
2868,0,0,0,0,0,0,0,0,43749
2869,0,0,0,0,0,0,0,0,48087
2870,0,0,0,0,0,0,0,0,40073
2871,0,0,0,0,0,0,0,0,39953
2872,0,0,0,0,0,0,0,0,39937
2873,0,0,0,0,0,0,0,0,51795
2874,0,0,0,0,0,0,0,0,39790
2875,0,0,0,0,0,0,0,0,39690
2876,0,0,0,0,0,0,0,0,149169
2877,0,0,0,0,0,0,0,0,93323
2878,0,0,0,0,0,0,0,0,49745
2879,0,0,0,0,0,0,0,0,37144
2880,0,0,0,0,0,0,0,0,40541
2881,0,0,0,0,0,0,0,0,36405
2882,0,0,0,0,0,0,0,0,36174
2883,0,0,0,0,0,0,0,0,36106
2884,0,0,0,0,0,0,0,0,35694
2885,0,0,0,0,0,0,0,0,35280
2886,0,0,0,0,0,0,0,0,35248
2887,0,0,0,0,0,0,0,0,35015
2888,0,0,0,0,0,0,0,0,47613
2889,0,0,0,0,0,0,0,0,34778
2890,0,0,0,0,0,0,0,0,34684
2891,0,0,0,0,0,0,0,0,40303
2892,0,0,0,0,0,0,0,0,33723
2893,0,0,0,0,0,0,0,0,33608
2894,0,0,0,0,0,0,0,0,33276
2895,0,0,0,0,0,0,0,0,76202
2896,0,0,0,0,0,0,0,0,33084
2897,0,0,0,0,0,0,0,0,32883
2898,0,0,0,0,0,0,0,0,32564
2899,0,0,0,0,0,0,0,0,32527
2900,0,0,0,0,0,0,0,0,31977
2901,0,0,0,0,0,0,0,0,31782
2902,0,0,0,0,0,0,0,0,31652
2903,0,0,0,0,0,0,0,0,120618
2904,0,0,0,0,0,0,0,0,31184
2905,0,0,0,0,0,0,0,0,39133
2906,0,0,0,0,0,0,0,0,30867
2907,0,0,0,0,0,0,0,0,29604
2908,0,0,0,0,0,0,0,0,29528
2909,0,0,0,0,0,0,0,0,28860
2910,0,0,0,0,0,0,0,0,28594
2911,0,0,0,0,0,0,0,0,28310
2912,0,0,0,0,0,0,0,0,28298
2913,0,0,0,0,0,0,0,0,28172
2914,0,0,0,0,0,0,0,0,28105
2915,0,0,0,0,0,0,0,0,34073
2916,0,0,0,0,0,0,0,0,32345
2917,0,0,0,0,0,0,0,0,27013
2918,0,0,0,0,0,0,0,0,26443
2919,0,0,0,0,0,0,0,0,26091
2920,0,0,0,0,0,0,0,0,26044
2921,0,0,0,0,0,0,0,0,25827
2922,0,0,0,0,0,0,0,0,25786
2923,0,0,0,0,0,0,0,0,25666
2924,0,0,0,0,0,0,0,0,25393
2925,0,0,0,0,0,0,0,0,25334
2926,0,0,0,0,0,0,0,0,25095
2927,0,0,0,0,0,0,0,0,53212
2928,0,0,0,0,0,0,0,0,24849
2929,0,0,0,0,0,0,0,0,24686
2930,0,0,0,0,0,0,0,0,24643
2931,0,0,0,0,0,0,0,0,52703
2932,0,0,0,0,0,0,0,0,23698
2933,0,0,0,0,0,0,0,0,23568
2934,0,0,0,0,0,0,0,0,53182
2935,0,0,0,0,0,0,0,0,97670
2936,0,0,0,0,0,0,0,0,23470
2937,0,0,0,0,0,0,0,0,23456
2938,0,0,0,0,0,0,0,0,24538
2939,0,0,0,0,0,0,0,0,23271
2940,0,0,0,0,0,0,0,0,22574
2941,0,0,0,0,0,0,0,0,22530
2942,0,0,0,0,0,0,0,0,42473
2943,0,0,0,0,0,0,0,0,22422
2944,0,0,0,0,0,0,0,0,22182
2945,0,0,0,0,0,0,0,0,22125
2946,0,0,0,0,0,0,0,0,21798
2947,0,0,0,0,0,0,0,0,21779
2948,0,0,0,0,0,0,0,0,21766
2949,0,0,0,0,0,0,0,0,21929
2950,0,0,0,0,0,0,0,0,24426
2951,0,0,0,0,0,0,0,0,21555
2952,0,0,0,0,0,0,0,0,21314
2953,0,0,0,0,0,0,0,0,23133
2954,0,0,0,0,0,0,0,0,21202
2955,0,0,0,0,0,0,0,0,20905
2956,0,0,0,0,0,0,0,0,20875
2957,0,0,0,0,0,0,0,0,25334
2958,0,0,0,0,0,0,0,0,20322
2959,0,0,0,0,0,0,0,0,20216
2960,0,0,0,0,0,0,0,0,20115
2961,0,0,0,0,0,0,0,0,20089
2962,0,0,0,0,0,0,0,0,19939
2963,0,0,0,0,0,0,0,0,19842
2964,0,0,0,0,0,0,0,0,19791
2965,0,0,0,0,0,0,0,0,21675
2966,0,0,0,0,0,0,0,0,19546
2967,0,0,0,0,0,0,0,0,19455
2968,0,0,0,0,0,0,0,0,19309
2969,0,0,0,0,0,0,0,0,19115
2970,0,0,0,0,0,0,0,0,31802
2971,0,0,0,0,0,0,0,0,19005
2972,0,0,0,0,0,0,0,0,18907
2973,0,0,0,0,0,0,0,0,21725
2974,0,0,0,0,0,0,0,0,18605
2975,0,0,0,0,0,0,0,0,19549
2976,0,0,0,0,0,0,0,0,26498
2977,0,0,0,0,0,0,0,0,18403
2978,0,0,0,0,0,0,0,0,18367
2979,0,0,0,0,0,0,0,0,18343
2980,0,0,0,0,0,0,0,0,18094
2981,0,0,0,0,0,0,0,0,17960
2982,0,0,0,0,0,0,0,0,17722
2983,0,0,0,0,0,0,0,0,17717
2984,0,0,0,0,0,0,0,0,17737
2985,0,0,0,0,0,0,0,0,17632
2986,0,0,0,0,0,0,0,0,17568
2987,0,0,0,0,0,0,0,0,17553
2988,0,0,0,0,0,0,0,0,17508
2989,0,0,0,0,0,0,0,0,17459
2990,0,0,0,0,0,0,0,0,17324
2991,0,0,0,0,0,0,0,0,21074
2992,0,0,0,0,0,0,0,0,17256
2993,0,0,0,0,0,0,0,0,17140
2994,0,0,0,0,0,0,0,0,17133
2995,0,0,0,0,0,0,0,0,17075
2996,0,0,0,0,0,0,0,0,17056
2997,0,0,0,0,0,0,0,0,17023
2998,0,0,0,0,0,0,0,0,16924
2999,0,0,0,0,0,0,0,0,16923
3000,0,0,0,0,0,0,0,0,17977
3001,0,0,0,0,0,0,0,0,16891
3002,0,0,0,0,0,0,0,0,16877
3003,0,0,0,0,0,0,0,0,16730
3004,0,0,0,0,0,0,0,0,16705
3005,0,0,0,0,0,0,0,0,16516
3006,0,0,0,0,0,0,0,0,16449
3007,0,0,0,0,0,0,0,0,21039
3008,0,0,0,0,0,0,0,0,16273
3009,0,0,0,0,0,0,0,0,16259
3010,0,0,0,0,0,0,0,0,16237
3011,0,0,0,0,0,0,0,0,16109
3012,0,0,0,0,0,0,0,0,16023
3013,0,0,0,0,0,0,0,0,15953
3014,0,0,0,0,0,0,0,0,15946
3015,0,0,0,0,0,0,0,0,15852
3016,0,0,0,0,0,0,0,0,15852
3017,0,0,0,0,0,0,0,0,15812
3018,0,0,0,0,0,0,0,0,15801
3019,0,0,0,0,0,0,0,0,21878
3020,0,0,0,0,0,0,0,0,15749
3021,0,0,0,0,0,0,0,0,15719
3022,0,0,0,0,0,0,0,0,15604
3023,0,0,0,0,0,0,0,0,15577
3024,0,0,0,0,0,0,0,0,15544
3025,0,0,0,0,0,0,0,0,15496
3026,0,0,0,0,0,0,0,0,18454
3027,0,0,0,0,0,0,0,0,15395
3028,0,0,0,0,0,0,0,0,15353
3029,0,0,0,0,0,0,0,0,15338
3030,0,0,0,0,0,0,0,0,15294
3031,0,0,0,0,0,0,0,0,15285
3032,0,0,0,0,0,0,0,0,15233
3033,0,0,0,0,0,0,0,0,15190
3034,0,0,0,0,0,0,0,0,15174
3035,0,0,0,0,0,0,0,0,15142
3036,0,0,0,0,0,0,0,0,15065
3037,0,0,0,0,0,0,0,0,14988
3038,0,0,0,0,0,0,0,0,14978
3039,0,0,0,0,0,0,0,0,14946
3040,0,0,0,0,0,0,0,0,14875
3041,0,0,0,0,0,0,0,0,14858
3042,0,0,0,0,0,0,0,0,16884
3043,0,0,0,0,0,0,0,0,14670
3044,0,0,0,0,0,0,0,0,14651
3045,0,0,0,0,0,0,0,0,14758
3046,0,0,0,0,0,0,0,0,14496
3047,0,0,0,0,0,0,0,0,14630
3048,0,0,0,0,0,0,0,0,14240
3049,0,0,0,0,0,0,0,0,14205
3050,0,0,0,0,0,0,0,0,14164
3051,0,0,0,0,0,0,0,0,14093
3052,0,0,0,0,0,0,0,0,17933
3053,0,0,0,0,0,0,0,0,14055
3054,0,0,0,0,0,0,0,0,13884
3055,0,0,0,0,0,0,0,0,13775
3056,0,0,0,0,0,0,0,0,13773
3057,0,0,0,0,0,0,0,0,13696
3058,0,0,0,0,0,0,0,0,18180
3059,0,0,0,0,0,0,0,0,14707
3060,0,0,0,0,0,0,0,0,13586
3061,0,0,0,0,0,0,0,0,13536
3062,0,0,0,0,0,0,0,0,13525
3063,0,0,0,0,0,0,0,0,13514
3064,0,0,0,0,0,0,0,0,22087
3065,0,0,0,0,0,0,0,0,13416
3066,0,0,0,0,0,0,0,0,13382
3067,0,0,0,0,0,0,0,0,13348
3068,0,0,0,0,0,0,0,0,13320
3069,0,0,0,0,0,0,0,0,13270
3070,0,0,0,0,0,0,0,0,13242
3071,0,0,0,0,0,0,0,0,19163
3072,0,0,0,0,0,0,0,0,13198
3073,0,0,0,0,0,0,0,0,13182
3074,0,0,0,0,0,0,0,0,13033
3075,0,0,0,0,0,0,0,0,13010
3076,0,0,0,0,0,0,0,0,13007
3077,0,0,0,0,0,0,0,0,15080
3078,0,0,0,0,0,0,0,0,12876
3079,0,0,0,0,0,0,0,0,12813
3080,0,0,0,0,0,0,0,0,12787
3081,0,0,0,0,0,0,0,0,12778
3082,0,0,0,0,0,0,0,0,12771
3083,0,0,0,0,0,0,0,0,12752
3084,0,0,0,0,0,0,0,0,12750
3085,0,0,0,0,0,0,0,0,12677
3086,0,0,0,0,0,0,0,0,13636
3087,0,0,0,0,0,0,0,0,12564
3088,0,0,0,0,0,0,0,0,12538
3089,0,0,0,0,0,0,0,0,12512
3090,0,0,0,0,0,0,0,0,12467
3091,0,0,0,0,0,0,0,0,12397
3092,0,0,0,0,0,0,0,0,22469
3093,0,0,0,0,0,0,0,0,12382
3094,0,0,0,0,0,0,0,0,12367
3095,0,0,0,0,0,0,0,0,25911
3096,0,0,0,0,0,0,0,0,12321
3097,0,0,0,0,0,0,0,0,12266
3098,0,0,0,0,0,0,0,0,12252
3099,0,0,0,0,0,0,0,0,12244
3100,0,0,0,0,0,0,0,0,27391
3101,0,0,0,0,0,0,0,0,12179
3102,0,0,0,0,0,0,0,0,12102
3103,0,0,0,0,0,0,0,0,12096
3104,0,0,0,0,0,0,0,0,12093
3105,0,0,0,0,0,0,0,0,11982
3106,0,0,0,0,0,0,0,0,13776
3107,0,0,0,0,0,0,0,0,11964
3108,0,0,0,0,0,0,0,0,11952
3109,0,0,0,0,0,0,0,0,13600
3110,0,0,0,0,0,0,0,0,14663
3111,0,0,0,0,0,0,0,0,11926
3112,0,0,0,0,0,0,0,0,11904
3113,0,0,0,0,0,0,0,0,11895
3114,0,0,0,0,0,0,0,0,11878
3115,0,0,0,0,0,0,0,0,11847
3116,0,0,0,0,0,0,0,0,11826
3117,0,0,0,0,0,0,0,0,15196
3118,0,0,0,0,0,0,0,0,11798
3119,0,0,0,0,0,0,0,0,11794
3120,0,0,0,0,0,0,0,0,11770
3121,0,0,0,0,0,0,0,0,11770
3122,0,0,0,0,0,0,0,0,11767
3123,0,0,0,0,0,0,0,0,11740
3124,0,0,0,0,0,0,0,0,11738
3125,0,0,0,0,0,0,0,0,12876
3126,0,0,0,0,0,0,0,0,11670
3127,0,0,0,0,0,0,0,0,11668
3128,0,0,0,0,0,0,0,0,11664
3129,0,0,0,0,0,0,0,0,11663
3130,0,0,0,0,0,0,0,0,11633
3131,0,0,0,0,0,0,0,0,11633
3132,0,0,0,0,0,0,0,0,11626
3133,0,0,0,0,0,0,0,0,11616
3134,0,0,0,0,0,0,0,0,12500
3135,0,0,0,0,0,0,0,0,21196
3136,0,0,0,0,0,0,0,0,11534
3137,0,0,0,0,0,0,0,0,21407
3138,0,0,0,0,0,0,0,0,15723
3139,0,0,0,0,0,0,0,0,11492
3140,0,0,0,0,0,0,0,0,11455
3141,0,0,0,0,0,0,0,0,11438
3142,0,0,0,0,0,0,0,0,15099
3143,0,0,0,0,0,0,0,0,13305
3144,0,0,0,0,0,0,0,0,11411
3145,0,0,0,0,0,0,0,0,11410
3146,0,0,0,0,0,0,0,0,11391
3147,0,0,0,0,0,0,0,0,11340
3148,0,0,0,0,0,0,0,0,23735
3149,0,0,0,0,0,0,0,0,11326
3150,0,0,0,0,0,0,0,0,11271
3151,0,0,0,0,0,0,0,0,11236
3152,0,0,0,0,0,0,0,0,11229
3153,0,0,0,0,0,0,0,0,11203
3154,0,0,0,0,0,0,0,0,11192
3155,0,0,0,0,0,0,0,0,11113
3156,0,0,0,0,0,0,0,0,11099
3157,0,0,0,0,0,0,0,0,11093
3158,0,0,0,0,0,0,0,0,11086
3159,0,0,0,0,0,0,0,0,11081
3160,0,0,0,0,0,0,0,0,11067
3161,0,0,0,0,0,0,0,0,30841
3162,0,0,0,0,0,0,0,0,11029
3163,0,0,0,0,0,0,0,0,17085
3164,0,0,0,0,0,0,0,0,11012
3165,0,0,0,0,0,0,0,0,10946
3166,0,0,0,0,0,0,0,0,10941
3167,0,0,0,0,0,0,0,0,10931
3168,0,0,0,0,0,0,0,0,255206
3169,0,0,0,0,0,0,0,0,10842
3170,0,0,0,0,0,0,0,0,10838
3171,0,0,0,0,0,0,0,0,10837
3172,0,0,0,0,0,0,0,0,10836
3173,0,0,0,0,0,0,0,0,10823
3174,0,0,0,0,0,0,0,0,10808
3175,0,0,0,0,0,0,0,0,10800
3176,0,0,0,0,0,0,0,0,10775
3177,0,0,0,0,0,0,0,0,10772
3178,0,0,0,0,0,0,0,0,10747
3179,0,0,0,0,0,0,0,0,10721
3180,0,0,0,0,0,0,0,0,10661
3181,0,0,0,0,0,0,0,0,15217
3182,0,0,0,0,0,0,0,0,11291
3183,0,0,0,0,0,0,0,0,10519
3184,0,0,0,0,0,0,0,0,10470
3185,0,0,0,0,0,0,0,0,10465
3186,0,0,0,0,0,0,0,0,10448
3187,0,0,0,0,0,0,0,0,10438
3188,0,0,0,0,0,0,0,0,19957
3189,0,0,0,0,0,0,0,0,10403
3190,0,0,0,0,0,0,0,0,14373
3191,0,0,0,0,0,0,0,0,14395
3192,0,0,0,0,0,0,0,0,10356
3193,0,0,0,0,0,0,0,0,10299
3194,0,0,0,0,0,0,0,0,34713
3195,0,0,0,0,0,0,0,0,11054
3196,0,0,0,0,0,0,0,0,10274
3197,0,0,0,0,0,0,0,0,17329
3198,0,0,0,0,0,0,0,0,10172
3199,0,0,0,0,0,0,0,0,10166
3200,0,0,0,0,0,0,0,0,10162
3201,0,0,0,0,0,0,0,0,10805
3202,0,0,0,0,0,0,0,0,10141
3203,0,0,0,0,0,0,0,0,10140
3204,0,0,0,0,0,0,0,0,10129
3205,0,0,0,0,0,0,0,0,22236
3206,0,0,0,0,0,0,0,0,10085
3207,0,0,0,0,0,0,0,0,10881
3208,0,0,0,0,0,0,0,0,10080
3209,0,0,0,0,0,0,0,0,10071
3210,0,0,0,0,0,0,0,0,10070
3211,0,0,0,0,0,0,0,0,10053
3212,0,0,0,0,0,0,0,0,10051
3213,0,0,0,0,0,0,0,0,13715
3214,0,0,0,0,0,0,0,0,10290
3215,0,0,0,0,0,0,0,0,313943
3216,0,0,0,0,0,0,0,0,190497
3217,0,0,0,0,0,0,0,0,156085
3218,0,0,0,0,0,0,0,0,114765
3219,0,0,0,0,0,0,0,0,90311
3220,0,0,0,0,0,0,0,0,66651
3221,0,0,0,0,0,0,0,0,32339
3222,0,0,0,0,0,0,0,0,31813
3223,0,0,0,0,0,0,0,0,30515
3224,0,0,0,0,0,0,0,0,29223
3225,0,0,0,0,0,0,0,0,28939
3226,0,0,0,0,0,0,0,0,77706
3227,0,0,0,0,0,0,0,0,28247
3228,0,0,0,0,0,0,0,0,27736
3229,0,0,0,0,0,0,0,0,26798
3230,0,0,0,0,0,0,0,0,26417
3231,0,0,0,0,0,0,0,0,25021
3232,0,0,0,0,0,0,0,0,24021
3233,0,0,0,0,0,0,0,0,23445
3234,0,0,0,0,0,0,0,0,23237
3235,0,0,0,0,0,0,0,0,23044
3236,0,0,0,0,0,0,0,0,21236
3237,0,0,0,0,0,0,0,0,20384
3238,0,0,0,0,0,0,0,0,19914
3239,0,0,0,0,0,0,0,0,19564
3240,0,0,0,0,0,0,0,0,19234
3241,0,0,0,0,0,0,0,0,18941
3242,0,0,0,0,0,0,0,0,18310
3243,0,0,0,0,0,0,0,0,18178
3244,0,0,0,0,0,0,0,0,719598
3245,0,0,0,0,0,0,0,0,17376
3246,0,0,0,0,0,0,0,0,17243
3247,0,0,0,0,0,0,0,0,17208
3248,0,0,0,0,0,0,0,0,16743
3249,0,0,0,0,0,0,0,0,15626
3250,0,0,0,0,0,0,0,0,15587
3251,0,0,0,0,0,0,0,0,15555
3252,0,0,0,0,0,0,0,0,15523
3253,0,0,0,0,0,0,0,0,15328
3254,0,0,0,0,0,0,0,0,15226
3255,0,0,0,0,0,0,0,0,14981
3256,0,0,0,0,0,0,0,0,14869
3257,0,0,0,0,0,0,0,0,14454
3258,0,0,0,0,0,0,0,0,14116
3259,0,0,0,0,0,0,0,0,14061
3260,0,0,0,0,0,0,0,0,13946
3261,0,0,0,0,0,0,0,0,13924
3262,0,0,0,0,0,0,0,0,13580
3263,0,0,0,0,0,0,0,0,13567
3264,0,0,0,0,0,0,0,0,13442
3265,0,0,0,0,0,0,0,0,13258
3266,0,0,0,0,0,0,0,0,13171
3267,0,0,0,0,0,0,0,0,13151
3268,0,0,0,0,0,0,0,0,13047
3269,0,0,0,0,0,0,0,0,12997
3270,0,0,0,0,0,0,0,0,12968
3271,0,0,0,0,0,0,0,0,12924
3272,0,0,0,0,0,0,0,0,12731
3273,0,0,0,0,0,0,0,0,13151
3274,0,0,0,0,0,0,0,0,12655
3275,0,0,0,0,0,0,0,0,12560
3276,0,0,0,0,0,0,0,0,12392
3277,0,0,0,0,0,0,0,0,12361
3278,0,0,0,0,0,0,0,0,12283
3279,0,0,0,0,0,0,0,0,12262
3280,0,0,0,0,0,0,0,0,15211
3281,0,0,0,0,0,0,0,0,11995
3282,0,0,0,0,0,0,0,0,11943
3283,0,0,0,0,0,0,0,0,11881
3284,0,0,0,0,0,0,0,0,11875
3285,0,0,0,0,0,0,0,0,11861
3286,0,0,0,0,0,0,0,0,11817
3287,0,0,0,0,0,0,0,0,11662
3288,0,0,0,0,0,0,0,0,19946
3289,0,0,0,0,0,0,0,0,11434
3290,0,0,0,0,0,0,0,0,11361
3291,0,0,0,0,0,0,0,0,11347
3292,0,0,0,0,0,0,0,0,11266
3293,0,0,0,0,0,0,0,0,11192
3294,0,0,0,0,0,0,0,0,11178
3295,0,0,0,0,0,0,0,0,11116
3296,0,0,0,0,0,0,0,0,11094
3297,0,0,0,0,0,0,0,0,10953
3298,0,0,0,0,0,0,0,0,10952
3299,0,0,0,0,0,0,0,0,10933
3300,0,0,0,0,0,0,0,0,10922
3301,0,0,0,0,0,0,0,0,10894
3302,0,0,0,0,0,0,0,0,10852
3303,0,0,0,0,0,0,0,0,10842
3304,0,0,0,0,0,0,0,0,10761
3305,0,0,0,0,0,0,0,0,10759
3306,0,0,0,0,0,0,0,0,10754
3307,0,0,0,0,0,0,0,0,10697
3308,0,0,0,0,0,0,0,0,10692
3309,0,0,0,0,0,0,0,0,10655
3310,0,0,0,0,0,0,0,0,13297
3311,0,0,0,0,0,0,0,0,10569
3312,0,0,0,0,0,0,0,0,10479
3313,0,0,0,0,0,0,0,0,10355
3314,0,0,0,0,0,0,0,0,10226
3315,0,0,0,0,0,0,0,0,10204
3316,0,0,0,0,0,0,0,0,10138
3317,0,0,0,0,0,0,0,0,10127
3318,0,0,0,0,0,0,0,0,10119
3319,0,0,0,0,0,0,0,0,10027
3320,0,0,0,0,0,0,0,0,204519
3321,0,0,0,0,0,0,0,0,151634
3322,0,0,0,0,0,0,0,0,68786
3323,0,0,0,0,0,0,0,0,50236
3324,0,0,0,0,0,0,0,0,41233
3325,0,0,0,0,0,0,0,0,40730
3326,0,0,0,0,0,0,0,0,38381
3327,0,0,0,0,0,0,0,0,37992
3328,0,0,0,0,0,0,0,0,33508
3329,0,0,0,0,0,0,0,0,23097
3330,0,0,0,0,0,0,0,0,19234
3331,0,0,0,0,0,0,0,0,18626
3332,0,0,0,0,0,0,0,0,18323
3333,0,0,0,0,0,0,0,0,17640
3334,0,0,0,0,0,0,0,0,17574
3335,0,0,0,0,0,0,0,0,17428
3336,0,0,0,0,0,0,0,0,16769
3337,0,0,0,0,0,0,0,0,14385
3338,0,0,0,0,0,0,0,0,13399
3339,0,0,0,0,0,0,0,0,13267
3340,0,0,0,0,0,0,0,0,13173
3341,0,0,0,0,0,0,0,0,13130
3342,0,0,0,0,0,0,0,0,12674
3343,0,0,0,0,0,0,0,0,11664
3344,0,0,0,0,0,0,0,0,11424
3345,0,0,0,0,0,0,0,0,10932
3346,0,0,0,0,0,0,0,0,10674
3347,0,0,0,0,0,0,0,0,10625
3348,0,0,0,0,0,0,0,0,10611
3349,0,0,0,0,0,0,0,0,10534
3350,0,0,0,0,0,0,0,0,10366
3351,0,0,0,0,0,0,0,0,10310
3352,0,0,0,0,0,0,0,0,10266
